,ts_code,trade_date,open,high,low,close,pre_close,change,pct_chg,vol,amount
0,002420.SZ,20210324,5.0,5.03,4.64,4.69,5.04,-0.35,-6.9444,101205.0,48612.808
1,002420.SZ,20210323,5.03,5.19,4.93,5.04,5.23,-0.19,-3.6329,106100.88,53304.931
2,002420.SZ,20210322,5.13,5.48,5.04,5.23,5.07,0.16,3.1558,206362.34,108054.158
3,002420.SZ,20210318,4.87,5.13,4.8,5.07,5.02,0.05,0.996,71552.75,35432.062
4,002420.SZ,20210317,4.91,5.09,4.91,5.02,4.91,0.11,2.2403,43739.22,21930.689
5,002420.SZ,20210316,4.78,4.93,4.78,4.91,4.81,0.1,2.079,35907.01,17433.689
6,002420.SZ,20210315,4.85,4.95,4.78,4.81,4.98,-0.17,-3.4137,51453.47,24935.279
7,002420.SZ,20210312,4.81,5.0,4.81,4.98,4.81,0.17,3.5343,40468.0,19944.358
8,002420.SZ,20210311,4.67,4.84,4.67,4.81,4.7,0.11,2.3404,33793.01,16153.99
9,002420.SZ,20210310,4.68,4.71,4.57,4.7,4.66,0.04,0.8584,26106.0,12152.851
10,002420.SZ,20210309,4.85,4.88,4.65,4.66,4.89,-0.23,-4.7035,68995.48,32562.095
11,002420.SZ,20210308,4.88,4.95,4.82,4.89,4.86,0.03,0.6173,59778.46,29233.9
12,002420.SZ,20210305,5.01,5.11,4.74,4.86,4.99,-0.13,-2.6052,97628.31,47536.631
13,002420.SZ,20210304,5.09,5.2,4.96,4.99,5.1,-0.11,-2.1569,88647.01,44961.295
14,002420.SZ,20210303,4.87,5.1,4.85,5.1,4.86,0.24,4.9383,109977.84,55118.572
15,002420.SZ,20210302,4.86,4.9,4.8,4.86,4.85,0.01,0.2062,48873.0,23710.97
16,002420.SZ,20210301,4.69,4.87,4.69,4.85,4.69,0.16,3.4115,79800.08,38396.032
17,002420.SZ,20210226,4.47,4.7,4.42,4.69,4.49,0.2,4.4543,60415.95,27843.477
18,002420.SZ,20210225,4.5,4.58,4.48,4.49,4.47,0.02,0.4474,41400.0,18745.925
19,002420.SZ,20210224,4.43,4.48,4.42,4.47,4.41,0.06,1.3605,24498.92,10908.734
20,002420.SZ,20210223,4.47,4.56,4.41,4.41,4.47,-0.06,-1.3423,41310.07,18472.461
21,002420.SZ,20210222,4.29,4.5,4.29,4.47,4.29,0.18,4.1958,64407.71,28735.052
22,002420.SZ,20210219,4.18,4.3,4.18,4.29,4.2,0.09,2.1429,31888.07,13552.112
23,002420.SZ,20210218,4.21,4.22,4.16,4.2,4.15,0.05,1.2048,27616.01,11574.407
24,002420.SZ,20210210,4.1,4.15,4.08,4.15,4.1,0.05,1.2195,19362.01,7979.601
25,002420.SZ,20210209,4.06,4.11,4.04,4.1,4.06,0.04,0.9852,17459.0,7121.208
26,002420.SZ,20210208,4.0,4.09,3.99,4.06,4.0,0.06,1.5,16588.05,6685.859
27,002420.SZ,20210205,4.06,4.09,3.98,4.0,4.05,-0.05,-1.2346,18150.0,7313.363
28,002420.SZ,20210204,4.15,4.16,4.04,4.05,4.15,-0.1,-2.4096,22711.0,9274.919
29,002420.SZ,20210203,4.16,4.16,4.11,4.15,4.16,-0.01,-0.2404,19840.08,8185.558
30,002420.SZ,20210202,4.13,4.17,4.11,4.16,4.15,0.01,0.241,22057.0,9125.716
31,002420.SZ,20210201,4.05,4.16,4.04,4.15,4.08,0.07,1.7157,28611.0,11789.653
32,002420.SZ,20210129,4.08,4.11,4.0,4.08,4.1,-0.02,-0.4878,25656.6,10396.191
33,002420.SZ,20210128,4.08,4.2,4.05,4.1,4.07,0.03,0.7371,27816.0,11492.461
34,002420.SZ,20210127,4.03,4.07,3.97,4.07,3.99,0.08,2.005,20957.42,8448.593
35,002420.SZ,20210126,4.03,4.03,3.96,3.99,4.03,-0.04,-0.9926,10964.0,4381.606
36,002420.SZ,20210125,4.07,4.11,3.93,4.03,4.08,-0.05,-1.2255,44554.0,17930.288
37,002420.SZ,20210122,4.1,4.1,4.05,4.08,4.1,-0.02,-0.4878,11664.41,4751.686
38,002420.SZ,20210121,4.1,4.13,4.07,4.1,4.1,0.0,0.0,18546.0,7608.953
39,002420.SZ,20210120,4.11,4.14,4.08,4.1,4.1,0.0,0.0,17540.0,7207.717
40,002420.SZ,20210119,4.09,4.15,4.06,4.1,4.1,0.0,0.0,19304.0,7902.201
41,002420.SZ,20210118,3.99,4.14,3.99,4.1,3.98,0.12,3.0151,30148.0,12295.546
42,002420.SZ,20210115,3.94,4.01,3.93,3.98,3.94,0.04,1.0152,17992.0,7154.579
43,002420.SZ,20210114,3.9,3.94,3.88,3.94,3.91,0.03,0.7673,18880.44,7389.615
44,002420.SZ,20210113,3.89,3.95,3.8,3.91,3.89,0.02,0.5141,25053.73,9697.208
45,002420.SZ,20210112,3.88,3.91,3.84,3.89,3.88,0.01,0.2577,21834.51,8463.829
46,002420.SZ,20210111,3.91,3.91,3.82,3.88,3.94,-0.06,-1.5228,38232.01,14781.685
47,002420.SZ,20210108,3.89,3.94,3.84,3.94,3.9,0.04,1.0256,23486.01,9101.593
48,002420.SZ,20210107,3.97,3.98,3.85,3.9,3.96,-0.06,-1.5152,23391.0,9118.504
49,002420.SZ,20210106,4.07,4.08,3.88,3.96,4.08,-0.12,-2.9412,25696.0,10284.1
50,002420.SZ,20210105,4.09,4.13,4.06,4.08,4.09,-0.01,-0.2445,15600.5,6380.437
51,002420.SZ,20210104,4.0,4.11,4.0,4.09,3.99,0.1,2.5063,20152.0,8186.079
52,002420.SZ,20201231,3.97,4.0,3.95,3.99,3.96,0.03,0.7576,12916.08,5137.401
53,002420.SZ,20201230,3.93,3.98,3.92,3.96,3.93,0.03,0.7634,22524.0,8898.171
54,002420.SZ,20201229,3.93,3.95,3.9,3.93,3.93,0.0,0.0,12802.09,5026.771
55,002420.SZ,20201228,3.92,3.94,3.89,3.93,3.94,-0.01,-0.2538,12413.0,4861.855
56,002420.SZ,20201225,3.95,3.96,3.89,3.94,3.89,0.05,1.2853,17385.0,6839.619
57,002420.SZ,20201224,3.94,3.94,3.83,3.89,3.95,-0.06,-1.519,24039.31,9348.224
58,002420.SZ,20201223,3.95,3.97,3.92,3.95,3.95,0.0,0.0,12825.0,5059.186
59,002420.SZ,20201222,4.0,4.0,3.9,3.95,4.0,-0.05,-1.25,18628.0,7375.2
60,002420.SZ,20201221,3.87,4.0,3.87,4.0,3.93,0.07,1.7812,24638.38,9781.234
61,002420.SZ,20201218,3.91,3.94,3.88,3.93,3.91,0.02,0.5115,17224.0,6742.731
62,002420.SZ,20201217,3.9,3.93,3.79,3.91,3.92,-0.01,-0.2551,38180.84,14749.664
63,002420.SZ,20201216,4.07,4.08,3.89,3.92,4.09,-0.17,-4.1565,51404.0,20367.925
64,002420.SZ,20201215,4.11,4.11,4.04,4.09,4.09,0.0,0.0,20108.67,8187.971
65,002420.SZ,20201214,4.03,4.09,4.02,4.09,4.06,0.03,0.7389,18530.0,7518.245
66,002420.SZ,20201211,4.17,4.19,4.0,4.06,4.17,-0.11,-2.6379,60135.85,24441.33
67,002420.SZ,20201210,4.18,4.2,4.15,4.17,4.18,-0.01,-0.2392,11971.0,4995.594
68,002420.SZ,20201209,4.29,4.29,4.16,4.18,4.29,-0.11,-2.5641,27376.4,11532.341
69,002420.SZ,20201208,4.29,4.32,4.27,4.29,4.28,0.01,0.2336,21336.86,9171.084
70,002420.SZ,20201207,4.25,4.29,4.22,4.28,4.26,0.02,0.4695,14738.75,6289.351
71,002420.SZ,20201204,4.23,4.26,4.19,4.26,4.26,0.0,0.0,11297.0,4770.669
72,002420.SZ,20201203,4.2,4.28,4.19,4.26,4.21,0.05,1.1876,15067.02,6384.608
73,002420.SZ,20201202,4.23,4.24,4.17,4.21,4.23,-0.02,-0.4728,23571.0,9905.015
74,002420.SZ,20201201,4.18,4.23,4.16,4.23,4.19,0.04,0.9547,25217.8,10578.172
75,002420.SZ,20201130,4.28,4.29,4.17,4.19,4.28,-0.09,-2.1028,27569.0,11658.185
76,002420.SZ,20201127,4.29,4.3,4.25,4.28,4.29,-0.01,-0.2331,16207.01,6922.696
77,002420.SZ,20201126,4.28,4.32,4.26,4.29,4.28,0.01,0.2336,23109.01,9910.474
78,002420.SZ,20201125,4.34,4.38,4.25,4.28,4.34,-0.06,-1.3825,37077.0,15954.02
79,002420.SZ,20201124,4.36,4.38,4.32,4.34,4.35,-0.01,-0.2299,23141.74,10072.047
80,002420.SZ,20201123,4.32,4.36,4.27,4.35,4.35,0.0,0.0,25895.74,11216.155
81,002420.SZ,20201120,4.26,4.37,4.26,4.35,4.3,0.05,1.1628,31835.74,13773.723
82,002420.SZ,20201119,4.33,4.37,4.28,4.3,4.36,-0.06,-1.3761,41863.0,18105.81
83,002420.SZ,20201118,4.35,4.39,4.32,4.36,4.35,0.01,0.2299,35927.82,15663.033
84,002420.SZ,20201117,4.49,4.49,4.26,4.35,4.48,-0.13,-2.9018,48099.55,21010.243
85,002420.SZ,20201116,4.51,4.51,4.41,4.48,4.47,0.01,0.2237,30790.01,13669.762
86,002420.SZ,20201113,4.49,4.53,4.38,4.47,4.53,-0.06,-1.3245,37307.38,16606.364
87,002420.SZ,20201112,4.43,4.6,4.42,4.53,4.42,0.11,2.4887,49452.43,22368.7
88,002420.SZ,20201111,4.36,4.56,4.34,4.42,4.36,0.06,1.3761,51099.0,22844.52
89,002420.SZ,20201110,4.37,4.38,4.33,4.36,4.39,-0.03,-0.6834,38358.0,16699.318
90,002420.SZ,20201109,4.41,4.44,4.33,4.39,4.41,-0.02,-0.4535,70014.1,30637.241
91,002420.SZ,20201106,4.28,4.46,4.22,4.41,4.25,0.16,3.7647,110978.13,48441.956
92,002420.SZ,20201105,4.19,4.26,4.19,4.25,4.2,0.05,1.1905,33500.02,14192.425
93,002420.SZ,20201104,4.19,4.23,4.15,4.2,4.19,0.01,0.2387,35711.44,14964.096
94,002420.SZ,20201103,4.14,4.2,4.14,4.19,4.17,0.02,0.4796,25947.73,10808.206
95,002420.SZ,20201102,4.15,4.22,4.1,4.17,4.2,-0.03,-0.7143,34147.1,14149.603
96,002420.SZ,20201030,4.21,4.3,4.15,4.2,4.19,0.01,0.2387,66754.45,28280.52
97,002420.SZ,20201029,4.13,4.2,4.12,4.19,4.17,0.02,0.4796,28775.75,11978.935
98,002420.SZ,20201028,4.2,4.24,4.14,4.17,4.19,-0.02,-0.4773,28329.0,11834.24
99,002420.SZ,20201027,4.09,4.23,4.08,4.19,4.12,0.07,1.699,47732.0,19903.527
100,002420.SZ,20201026,4.17,4.27,4.11,4.12,4.2,-0.08,-1.9048,50607.0,21120.762
101,002420.SZ,20201023,4.15,4.22,4.11,4.2,4.13,0.07,1.6949,38663.46,16162.831
102,002420.SZ,20201022,4.07,4.15,4.03,4.13,4.11,0.02,0.4866,19859.0,8145.069
103,002420.SZ,20201021,4.17,4.17,4.07,4.11,4.17,-0.06,-1.4388,26475.47,10888.441
104,002420.SZ,20201020,4.11,4.18,4.09,4.17,4.09,0.08,1.956,36046.47,14897.053
105,002420.SZ,20201019,4.05,4.12,4.05,4.09,4.06,0.03,0.7389,21322.73,8726.107
106,002420.SZ,20201016,4.06,4.1,4.04,4.06,4.05,0.01,0.2469,12204.01,4960.53
107,002420.SZ,20201015,4.06,4.09,4.03,4.05,4.1,-0.05,-1.2195,23401.31,9486.021
108,002420.SZ,20201014,4.06,4.14,4.06,4.1,4.08,0.02,0.4902,25686.44,10544.738
109,002420.SZ,20201013,4.06,4.12,4.03,4.08,4.06,0.02,0.4926,49887.0,20348.017
110,002420.SZ,20201012,4.01,4.09,3.98,4.06,4.01,0.05,1.2469,38022.27,15403.122
111,002420.SZ,20201009,3.96,4.04,3.95,4.01,3.92,0.09,2.2959,30255.0,12069.285
112,002420.SZ,20200930,3.94,3.96,3.91,3.92,3.93,-0.01,-0.2545,10541.0,4142.005
113,002420.SZ,20200929,3.9,3.96,3.9,3.93,3.9,0.03,0.7692,19748.0,7768.026
114,002420.SZ,20200928,3.94,3.97,3.86,3.9,3.93,-0.03,-0.7634,26197.01,10229.3
115,002420.SZ,20200925,3.99,4.0,3.91,3.93,3.98,-0.05,-1.2563,22520.0,8893.836
116,002420.SZ,20200924,4.1,4.1,3.98,3.98,4.09,-0.11,-2.6895,25936.02,10458.016
117,002420.SZ,20200923,4.03,4.12,4.02,4.09,4.06,0.03,0.7389,27751.01,11282.594
118,002420.SZ,20200922,4.03,4.08,4.02,4.06,4.08,-0.02,-0.4902,30630.85,12410.301
119,002420.SZ,20200921,4.07,4.18,4.07,4.08,4.09,-0.01,-0.2445,44028.0,18191.655
120,002420.SZ,20200918,3.98,4.12,3.97,4.09,3.97,0.12,3.0227,55800.0,22660.333
121,002420.SZ,20200917,3.98,3.99,3.91,3.97,3.98,-0.01,-0.2513,29451.0,11680.815
122,002420.SZ,20200916,4.0,4.0,3.94,3.98,4.0,-0.02,-0.5,19172.0,7601.626
123,002420.SZ,20200915,4.02,4.05,3.96,4.0,4.03,-0.03,-0.7444,23622.0,9446.401
124,002420.SZ,20200914,3.98,4.04,3.96,4.03,4.0,0.03,0.75,29676.0,11889.044
125,002420.SZ,20200911,3.89,4.0,3.87,4.0,3.96,0.04,1.0101,37586.0,14741.869
126,002420.SZ,20200910,4.12,4.16,3.93,3.96,4.14,-0.18,-4.3478,72468.73,29135.02
127,002420.SZ,20200909,4.16,4.18,4.07,4.14,4.18,-0.04,-0.9569,57188.73,23648.967
128,002420.SZ,20200908,4.22,4.26,4.12,4.18,4.22,-0.04,-0.9479,55879.06,23255.87
129,002420.SZ,20200907,4.09,4.31,4.06,4.22,4.1,0.12,2.9268,117921.07,49627.277
130,002420.SZ,20200904,3.97,4.1,3.95,4.1,3.98,0.12,3.0151,81442.0,32920.525
131,002420.SZ,20200903,3.98,4.0,3.96,3.98,3.95,0.03,0.7595,58005.55,23062.045
132,002420.SZ,20200902,3.96,3.96,3.93,3.95,3.96,-0.01,-0.2525,40506.27,15988.964
133,002420.SZ,20200901,3.99,3.99,3.94,3.96,4.0,-0.04,-1.0,45006.77,17814.59
134,002420.SZ,20200831,3.99,4.03,3.95,4.0,4.0,0.0,0.0,54498.29,21701.075
135,002420.SZ,20200828,3.97,4.07,3.95,4.0,3.94,0.06,1.5228,97505.77,39178.336
136,002420.SZ,20200827,3.93,3.98,3.9,3.94,3.95,-0.01,-0.2532,30692.01,12102.74
137,002420.SZ,20200826,3.96,4.02,3.93,3.95,3.94,0.01,0.2538,47860.85,18976.141
138,002420.SZ,20200825,3.95,3.99,3.91,3.94,3.95,-0.01,-0.2532,33278.0,13132.306
139,002420.SZ,20200824,3.91,4.0,3.89,3.95,3.86,0.09,2.3316,71794.32,28406.965
140,002420.SZ,20200821,3.84,3.88,3.83,3.86,3.84,0.02,0.5208,30692.08,11815.627
141,002420.SZ,20200820,3.87,3.87,3.82,3.84,3.87,-0.03,-0.7752,32349.0,12425.986
142,002420.SZ,20200819,3.91,3.93,3.86,3.87,3.92,-0.05,-1.2755,40938.12,15962.627
143,002420.SZ,20200818,3.9,3.94,3.89,3.92,3.9,0.02,0.5128,33090.0,12946.898
144,002420.SZ,20200817,3.89,3.91,3.88,3.9,3.88,0.02,0.5155,27596.51,10762.302
145,002420.SZ,20200814,3.87,3.92,3.85,3.88,3.89,-0.01,-0.2571,39211.42,15236.127
146,002420.SZ,20200813,3.75,3.93,3.73,3.89,3.75,0.14,3.7333,76871.68,29538.139
147,002420.SZ,20200812,3.73,3.76,3.7,3.75,3.76,-0.01,-0.266,28623.78,10645.399
148,002420.SZ,20200811,3.81,3.82,3.74,3.76,3.8,-0.04,-1.0526,29297.01,11111.615
149,002420.SZ,20200810,3.78,3.83,3.77,3.8,3.8,0.0,0.0,32581.0,12393.445
150,002420.SZ,20200807,3.85,3.85,3.77,3.8,3.85,-0.05,-1.2987,43564.0,16565.852
151,002420.SZ,20200806,3.85,3.86,3.81,3.85,3.85,0.0,0.0,36437.0,13975.045
152,002420.SZ,20200805,3.83,3.87,3.82,3.85,3.82,0.03,0.7853,31909.41,12265.873
153,002420.SZ,20200804,3.85,3.87,3.81,3.82,3.85,-0.03,-0.7792,38226.0,14664.603
154,002420.SZ,20200803,3.79,3.87,3.76,3.85,3.78,0.07,1.8519,55291.47,21121.509
155,002420.SZ,20200731,3.78,3.83,3.75,3.78,3.73,0.05,1.3405,58272.06,22050.849
156,002420.SZ,20200730,3.78,3.79,3.72,3.73,3.78,-0.05,-1.3228,43907.41,16473.286
157,002420.SZ,20200729,3.76,3.78,3.69,3.78,3.77,0.01,0.2653,41531.17,15560.512
158,002420.SZ,20200728,3.73,3.78,3.73,3.77,3.74,0.03,0.8021,29272.5,10980.05
159,002420.SZ,20200727,3.75,3.78,3.7,3.74,3.76,-0.02,-0.5319,31605.5,11792.43
160,002420.SZ,20200724,3.9,3.92,3.73,3.76,3.93,-0.17,-4.3257,56263.0,21584.531
161,002420.SZ,20200723,3.99,4.02,3.86,3.93,3.93,0.0,0.0,65755.0,25876.23
162,002420.SZ,20200721,3.97,3.98,3.91,3.93,3.97,-0.04,-1.0076,41294.5,16269.268
163,002420.SZ,20200720,3.88,3.99,3.88,3.97,3.94,0.03,0.7614,63189.0,24813.665
164,002420.SZ,20200717,3.95,4.11,3.86,3.94,3.93,0.01,0.2545,91971.1,36356.83
165,002420.SZ,20200716,4.07,4.19,3.92,3.93,4.05,-0.12,-2.963,106990.0,43521.752
166,002420.SZ,20200715,4.04,4.16,4.0,4.05,3.97,0.08,2.0151,105912.0,43157.82
167,002420.SZ,20200714,3.98,4.08,3.93,3.97,4.0,-0.03,-0.75,74959.0,29921.383
168,002420.SZ,20200713,3.95,4.03,3.92,4.0,3.96,0.04,1.0101,83259.46,33135.278
169,002420.SZ,20200710,3.87,3.99,3.85,3.96,3.87,0.09,2.3256,94327.51,37132.479
170,002420.SZ,20200709,3.85,3.9,3.83,3.87,3.84,0.03,0.7813,92397.45,35702.744
171,002420.SZ,20200708,3.83,3.86,3.82,3.84,3.86,-0.02,-0.5181,77205.0,29590.933
172,002420.SZ,20200707,3.83,3.88,3.82,3.86,3.84,0.02,0.5208,72035.0,27722.368
173,002420.SZ,20200706,3.77,3.85,3.76,3.84,3.77,0.07,1.8568,88209.23,33525.461
174,002420.SZ,20200703,3.79,3.79,3.76,3.77,3.8,-0.03,-0.7895,44182.01,16656.944
175,002420.SZ,20200702,3.8,3.85,3.77,3.8,3.8,0.0,0.0,41084.0,15581.475
176,002420.SZ,20200701,3.82,3.83,3.78,3.8,3.79,0.01,0.2639,15235.0,5789.522
177,002420.SZ,20200630,3.76,3.8,3.75,3.79,3.77,0.02,0.5305,15940.79,6016.502
178,002420.SZ,20200629,3.77,3.81,3.67,3.77,3.77,0.0,0.0,32313.0,12046.769
179,002420.SZ,20200624,3.82,3.82,3.76,3.77,3.82,-0.05,-1.3089,22243.06,8402.881
180,002420.SZ,20200623,3.86,3.87,3.78,3.82,3.88,-0.06,-1.5464,31164.01,11897.278
181,002420.SZ,20200622,3.95,3.98,3.86,3.88,3.94,-0.06,-1.5228,31468.0,12348.709
182,002420.SZ,20200619,3.93,3.95,3.92,3.94,3.93,0.01,0.2545,18469.0,7264.586
183,002420.SZ,20200618,3.91,3.97,3.91,3.93,3.94,-0.01,-0.2538,15918.01,6259.029
184,002420.SZ,20200617,3.93,3.96,3.92,3.94,3.94,0.0,0.0,20032.0,7885.372
185,002420.SZ,20200616,3.96,4.02,3.92,3.94,3.88,0.06,1.5464,32206.51,12736.596
186,002420.SZ,20200615,3.86,3.9,3.83,3.88,3.89,-0.01,-0.2571,23617.42,9150.02
187,002420.SZ,20200612,3.8,3.91,3.8,3.89,3.9,-0.01,-0.2564,38408.0,14852.431
188,002420.SZ,20200611,3.92,3.94,3.87,3.9,3.93,-0.03,-0.7634,33993.79,13278.425
189,002420.SZ,20200610,3.87,3.95,3.87,3.93,3.91,0.02,0.5115,30677.0,12004.698
190,002420.SZ,20200609,4.08,4.08,3.9,3.91,4.11,-0.2,-4.8662,68658.0,26941.47
191,002420.SZ,20200608,4.2,4.32,4.05,4.11,4.23,-0.12,-2.8369,61077.0,25503.748
192,002420.SZ,20200605,4.05,4.25,4.02,4.23,4.06,0.17,4.1872,56446.94,23365.256
193,002420.SZ,20200604,3.96,4.06,3.94,4.06,3.95,0.11,2.7848,39225.01,15711.186
194,002420.SZ,20200603,4.0,4.01,3.93,3.95,3.99,-0.04,-1.0025,25788.0,10204.686
195,002420.SZ,20200602,3.98,4.02,3.96,3.99,3.98,0.01,0.2513,24102.51,9625.594
196,002420.SZ,20200601,3.92,4.03,3.89,3.98,3.92,0.06,1.5306,51370.0,20389.291
197,002420.SZ,20200529,3.79,3.92,3.79,3.92,3.73,0.19,5.0938,29786.5,11636.535
198,002420.SZ,20200528,3.74,3.76,3.71,3.73,3.76,-0.03,-0.7979,9594.0,3582.183
199,002420.SZ,20200527,3.74,3.77,3.72,3.76,3.76,0.0,0.0,10816.0,4052.167
200,002420.SZ,20200526,3.72,3.76,3.71,3.76,3.73,0.03,0.8043,19731.0,7378.157
201,002420.SZ,20200525,3.73,3.74,3.69,3.73,3.74,-0.01,-0.2674,20498.0,7615.458
202,002420.SZ,20200522,3.77,3.78,3.68,3.74,3.79,-0.05,-1.3193,30218.0,11272.755
203,002420.SZ,20200521,3.84,3.85,3.78,3.79,3.85,-0.06,-1.5584,23929.0,9100.361
204,002420.SZ,20200520,3.87,3.87,3.83,3.85,3.89,-0.04,-1.0283,12398.0,4778.183
205,002420.SZ,20200519,3.88,3.92,3.86,3.89,3.87,0.02,0.5168,10680.0,4156.937
206,002420.SZ,20200518,3.92,3.92,3.85,3.87,3.92,-0.05,-1.2755,14716.0,5707.32
207,002420.SZ,20200515,3.88,3.97,3.87,3.92,3.88,0.04,1.0309,22705.5,8905.798
208,002420.SZ,20200514,3.88,3.91,3.85,3.88,3.91,-0.03,-0.7673,12241.0,4744.196
209,002420.SZ,20200513,3.83,3.96,3.76,3.91,3.84,0.07,1.8229,29457.47,11352.614
210,002420.SZ,20200512,3.91,3.91,3.82,3.84,3.91,-0.07,-1.7903,21304.01,8192.41
211,002420.SZ,20200511,3.88,3.93,3.87,3.91,3.88,0.03,0.7732,17592.0,6860.255
212,002420.SZ,20200508,3.85,3.93,3.83,3.88,3.82,0.06,1.5707,24392.52,9453.349
213,002420.SZ,20200507,3.85,3.87,3.78,3.82,3.85,-0.03,-0.7792,24855.57,9515.809
214,002420.SZ,20200506,3.88,3.98,3.8,3.85,3.81,0.04,1.0499,54155.31,20961.928
215,002420.SZ,20200430,3.75,3.81,3.72,3.81,3.63,0.18,4.9587,29531.0,11199.045
216,002420.SZ,20200429,3.66,3.69,3.63,3.63,3.68,-0.05,-1.3587,15881.01,5815.057
217,002420.SZ,20200428,3.77,3.77,3.55,3.68,3.74,-0.06,-1.6043,34787.0,12644.799
218,002420.SZ,20200427,3.7,3.8,3.7,3.74,3.8,-0.06,-1.5789,24373.0,9152.359
219,002420.SZ,20200424,3.91,3.95,3.78,3.8,3.95,-0.15,-3.7975,44513.95,17131.239
220,002420.SZ,20200423,4.02,4.03,3.93,3.95,4.02,-0.07,-1.7413,34800.94,13815.426
221,002420.SZ,20200422,3.91,4.07,3.91,4.02,3.88,0.14,3.6082,59903.51,24003.89
222,002420.SZ,20200421,3.8,3.88,3.77,3.88,3.81,0.07,1.8373,29633.72,11351.697
223,002420.SZ,20200420,3.78,3.82,3.77,3.81,3.78,0.03,0.7937,14723.0,5592.373
224,002420.SZ,20200417,3.83,3.84,3.77,3.78,3.81,-0.03,-0.7874,21482.34,8170.208
225,002420.SZ,20200416,3.87,3.87,3.79,3.81,3.87,-0.06,-1.5504,23566.02,8996.596
226,002420.SZ,20200415,3.86,3.99,3.85,3.87,3.88,-0.01,-0.2577,33174.01,12997.797
227,002420.SZ,20200414,3.75,3.88,3.75,3.88,3.79,0.09,2.3747,22554.6,8622.975
228,002420.SZ,20200413,3.82,3.85,3.77,3.79,3.83,-0.04,-1.0444,20447.6,7767.967
229,002420.SZ,20200410,3.76,3.93,3.76,3.83,3.78,0.05,1.3228,42083.52,16189.389
230,002420.SZ,20200409,3.71,3.8,3.7,3.78,3.71,0.07,1.8868,34316.14,12863.269
231,002420.SZ,20200408,3.66,3.72,3.61,3.71,3.66,0.05,1.3661,30097.0,11047.268
232,002420.SZ,20200407,3.65,3.67,3.6,3.66,3.59,0.07,1.9499,28498.0,10356.362
233,002420.SZ,20200403,3.61,3.63,3.57,3.59,3.62,-0.03,-0.8287,18609.0,6685.336
234,002420.SZ,20200402,3.55,3.63,3.55,3.62,3.59,0.03,0.8357,12034.79,4331.587
235,002420.SZ,20200401,3.59,3.64,3.58,3.59,3.6,-0.01,-0.2778,14811.0,5345.025
236,002420.SZ,20200331,3.62,3.67,3.6,3.6,3.62,-0.02,-0.5525,16410.0,5955.609
237,002420.SZ,20200330,3.56,3.63,3.55,3.62,3.65,-0.03,-0.8219,20169.0,7240.72
238,002420.SZ,20200327,3.62,3.68,3.6,3.65,3.61,0.04,1.108,22834.0,8314.744
239,002420.SZ,20200326,3.58,3.62,3.53,3.61,3.67,-0.06,-1.6349,35001.36,12513.043
240,002420.SZ,20200325,3.69,3.72,3.65,3.67,3.66,0.01,0.2732,26639.8,9817.165
241,002420.SZ,20200324,3.66,3.67,3.59,3.66,3.6,0.06,1.6667,20190.36,7328.914
242,002420.SZ,20200323,3.67,3.67,3.59,3.6,3.69,-0.09,-2.439,24868.79,9019.666
243,002420.SZ,20200320,3.71,3.72,3.64,3.69,3.68,0.01,0.2717,30377.17,11179.281
244,002420.SZ,20200319,3.57,3.71,3.55,3.68,3.57,0.11,3.0812,39756.79,14451.058
245,002420.SZ,20200318,3.68,3.72,3.56,3.57,3.65,-0.08,-2.1918,33185.0,12161.604
246,002420.SZ,20200317,3.66,3.7,3.52,3.65,3.64,0.01,0.2747,40022.0,14451.495
247,002420.SZ,20200316,3.76,3.78,3.64,3.64,3.73,-0.09,-2.4129,46833.0,17405.039
248,002420.SZ,20200313,3.65,3.76,3.65,3.73,3.84,-0.11,-2.8646,68596.4,25245.406
249,002420.SZ,20200312,3.92,3.96,3.83,3.84,3.98,-0.14,-3.5176,45692.4,17753.455
250,002420.SZ,20200311,4.04,4.09,3.96,3.98,4.04,-0.06,-1.4851,38500.0,15491.791
251,002420.SZ,20200310,3.9,4.04,3.8,4.04,3.96,0.08,2.0202,68063.69,26695.731
252,002420.SZ,20200309,4.03,4.21,3.94,3.96,4.14,-0.18,-4.3478,89987.4,36715.29
253,002420.SZ,20200306,4.19,4.36,4.09,4.14,4.18,-0.04,-0.9569,117738.16,49433.233
254,002420.SZ,20200305,3.97,4.18,3.92,4.18,3.98,0.2,5.0251,105999.43,43674.868
255,002420.SZ,20200304,3.8,4.0,3.76,3.98,3.81,0.17,4.4619,119950.42,47338.573
256,002420.SZ,20200303,3.64,3.81,3.61,3.81,3.63,0.18,4.9587,98965.25,36601.147
257,002420.SZ,20200302,3.59,3.66,3.53,3.63,3.55,0.08,2.2535,77049.52,27715.16
258,002420.SZ,20200228,3.6,3.71,3.53,3.55,3.54,0.01,0.2825,142497.0,51591.711
259,002420.SZ,20200227,3.48,3.54,3.47,3.54,3.47,0.07,2.0173,45378.2,15926.913
260,002420.SZ,20200226,3.47,3.54,3.44,3.47,3.5,-0.03,-0.8571,48758.47,17053.244
261,002420.SZ,20200225,3.54,3.56,3.43,3.5,3.61,-0.11,-3.0471,74602.59,26093.963
262,002420.SZ,20200224,3.59,3.63,3.58,3.61,3.59,0.02,0.5571,43855.63,15807.492
263,002420.SZ,20200221,3.57,3.69,3.55,3.59,3.57,0.02,0.5602,60031.86,21709.988
264,002420.SZ,20200220,3.51,3.58,3.51,3.57,3.5,0.07,2.0,52720.54,18682.057
265,002420.SZ,20200219,3.52,3.53,3.49,3.5,3.53,-0.03,-0.8499,30668.33,10774.958
266,002420.SZ,20200218,3.51,3.54,3.49,3.53,3.51,0.02,0.5698,40324.01,14141.674
267,002420.SZ,20200217,3.44,3.52,3.43,3.51,3.42,0.09,2.6316,39776.0,13858.672
268,002420.SZ,20200214,3.42,3.46,3.38,3.42,3.42,0.0,0.0,29856.9,10201.25
269,002420.SZ,20200213,3.55,3.56,3.41,3.42,3.56,-0.14,-3.9326,45098.0,15663.701
270,002420.SZ,20200212,3.53,3.56,3.53,3.56,3.55,0.01,0.2817,26649.9,9449.472
271,002420.SZ,20200211,3.56,3.6,3.53,3.55,3.55,0.0,0.0,26384.01,9407.034
272,002420.SZ,20200210,3.5,3.56,3.45,3.55,3.48,0.07,2.0115,35976.66,12647.638
273,002420.SZ,20200207,3.48,3.52,3.43,3.48,3.48,0.0,0.0,33279.02,11566.149
274,002420.SZ,20200206,3.49,3.51,3.41,3.48,3.5,-0.02,-0.5714,65680.71,22769.692
275,002420.SZ,20200205,3.47,3.57,3.47,3.5,3.51,-0.01,-0.2849,69601.01,24508.614
276,002420.SZ,20200204,3.51,3.51,3.51,3.51,3.69,-0.18,-4.878,13287.0,4663.737
277,002420.SZ,20200203,3.69,3.69,3.69,3.69,3.88,-0.19,-4.8969,1857.0,685.233
278,002420.SZ,20200123,4.0,4.06,3.85,3.88,4.05,-0.17,-4.1975,43547.01,17203.207
279,002420.SZ,20200122,3.98,4.06,3.93,4.05,3.94,0.11,2.7919,71871.83,28698.621
280,002420.SZ,20200121,3.96,3.97,3.91,3.94,3.96,-0.02,-0.5051,25643.01,10106.63
281,002420.SZ,20200120,3.92,3.96,3.91,3.96,3.93,0.03,0.7634,16856.01,6644.508
282,002420.SZ,20200117,3.92,3.99,3.9,3.93,3.91,0.02,0.5115,26169.12,10304.683
283,002420.SZ,20200116,3.96,3.97,3.9,3.91,3.97,-0.06,-1.5113,16631.1,6536.006
284,002420.SZ,20200115,3.99,4.0,3.93,3.97,3.97,0.0,0.0,21891.0,8682.931
285,002420.SZ,20200114,4.0,4.02,3.94,3.97,4.0,-0.03,-0.75,24399.0,9697.896
286,002420.SZ,20200113,3.93,4.02,3.92,4.0,3.93,0.07,1.7812,39222.0,15598.758
287,002420.SZ,20200110,3.91,3.95,3.88,3.93,3.92,0.01,0.2551,27662.6,10808.899
288,002420.SZ,20200109,3.91,3.93,3.89,3.92,3.89,0.03,0.7712,35506.0,13880.566
289,002420.SZ,20200108,3.94,3.98,3.89,3.89,3.93,-0.04,-1.0178,48907.0,19221.998
290,002420.SZ,20200107,3.91,3.96,3.9,3.93,3.9,0.03,0.7692,23749.0,9341.881
291,002420.SZ,20200106,3.91,3.96,3.86,3.9,3.96,-0.06,-1.5152,39501.29,15491.283
292,002420.SZ,20200103,3.93,3.96,3.9,3.96,3.93,0.03,0.7634,39284.54,15430.351
293,002420.SZ,20200102,3.88,3.94,3.82,3.93,3.97,-0.04,-1.0076,50030.29,19520.582
294,002420.SZ,20191231,3.91,3.98,3.91,3.97,3.93,0.04,1.0178,21041.05,8328.827
295,002420.SZ,20191230,4.0,4.06,3.9,3.93,4.06,-0.13,-3.202,43480.0,17189.392
296,002420.SZ,20191227,4.13,4.13,4.06,4.06,4.11,-0.05,-1.2165,18195.0,7442.179
297,002420.SZ,20191226,4.17,4.17,4.06,4.11,4.16,-0.05,-1.2019,27295.0,11181.406
298,002420.SZ,20191225,4.17,4.25,4.12,4.16,4.17,-0.01,-0.2398,32372.0,13479.205
299,002420.SZ,20191224,4.07,4.18,4.05,4.17,4.04,0.13,3.2178,34737.0,14273.848
300,002420.SZ,20191223,4.12,4.15,4.02,4.04,4.13,-0.09,-2.1792,31227.0,12726.382
301,002420.SZ,20191220,4.14,4.19,4.1,4.13,4.13,0.0,0.0,35707.0,14757.454
302,002420.SZ,20191219,4.1,4.22,4.02,4.13,4.02,0.11,2.7363,90561.0,37722.372
303,002420.SZ,20191218,3.98,4.03,3.97,4.02,3.97,0.05,1.2594,31661.0,12676.67
304,002420.SZ,20191217,3.85,3.97,3.84,3.97,3.85,0.12,3.1169,43902.46,17275.476
305,002420.SZ,20191216,3.79,3.85,3.79,3.85,3.79,0.06,1.5831,22320.0,8526.412
306,002420.SZ,20191213,3.8,3.81,3.77,3.79,3.75,0.04,1.0667,13638.0,5164.82
307,002420.SZ,20191212,3.75,3.82,3.74,3.75,3.77,-0.02,-0.5305,20989.06,7906.728
308,002420.SZ,20191211,3.83,3.85,3.74,3.77,3.85,-0.08,-2.0779,31884.05,12105.824
309,002420.SZ,20191210,3.83,3.9,3.82,3.85,3.85,0.0,0.0,24687.0,9507.27
310,002420.SZ,20191209,3.78,3.89,3.77,3.85,3.79,0.06,1.5831,28656.9,11031.289
311,002420.SZ,20191206,3.77,3.8,3.76,3.79,3.77,0.02,0.5305,11169.0,4223.447
312,002420.SZ,20191205,3.79,3.84,3.74,3.77,3.81,-0.04,-1.0499,25382.61,9591.765
313,002420.SZ,20191204,3.77,3.81,3.73,3.81,3.75,0.06,1.6,32943.33,12472.328
314,002420.SZ,20191203,3.67,3.77,3.64,3.75,3.67,0.08,2.1798,23827.0,8830.032
315,002420.SZ,20191202,3.67,3.69,3.67,3.67,3.67,0.0,0.0,10959.0,4032.367
316,002420.SZ,20191129,3.63,3.67,3.63,3.67,3.64,0.03,0.8242,15725.0,5753.939
317,002420.SZ,20191128,3.66,3.68,3.63,3.64,3.69,-0.05,-1.355,17864.0,6529.679
318,002420.SZ,20191127,3.67,3.74,3.66,3.69,3.69,0.0,0.0,15641.0,5770.705
319,002420.SZ,20191126,3.68,3.71,3.66,3.69,3.68,0.01,0.2717,20608.0,7581.185
320,002420.SZ,20191125,3.64,3.73,3.62,3.68,3.63,0.05,1.3774,32094.9,11817.293
321,002420.SZ,20191122,3.56,3.66,3.56,3.63,3.57,0.06,1.6807,33281.0,12062.139
322,002420.SZ,20191121,3.54,3.61,3.51,3.57,3.54,0.03,0.8475,14789.0,5266.355
323,002420.SZ,20191120,3.53,3.57,3.52,3.54,3.55,-0.01,-0.2817,19818.26,7027.667
324,002420.SZ,20191119,3.48,3.55,3.48,3.55,3.48,0.07,2.0115,17870.26,6290.911
325,002420.SZ,20191118,3.5,3.51,3.45,3.48,3.48,0.0,0.0,28469.77,9913.909
326,002420.SZ,20191115,3.64,3.64,3.47,3.48,3.65,-0.17,-4.6575,59569.49,21054.306
327,002420.SZ,20191114,3.63,3.67,3.59,3.65,3.63,0.02,0.551,22986.31,8342.333
328,002420.SZ,20191113,3.63,3.66,3.56,3.63,3.63,0.0,0.0,29105.3,10524.428
329,002420.SZ,20191112,3.67,3.67,3.57,3.63,3.69,-0.06,-1.626,56695.3,20471.327
330,002420.SZ,20191111,3.76,3.83,3.67,3.69,3.74,-0.05,-1.3369,69852.01,26272.305
331,002420.SZ,20191108,3.68,3.81,3.68,3.74,3.69,0.05,1.355,45859.55,17155.337
332,002420.SZ,20191107,3.67,3.72,3.65,3.69,3.62,0.07,1.9337,40785.01,15034.626
333,002420.SZ,20191106,3.65,3.7,3.61,3.62,3.65,-0.03,-0.8219,31093.0,11349.912
334,002420.SZ,20191105,3.68,3.7,3.61,3.65,3.7,-0.05,-1.3514,46448.0,16939.498
335,002420.SZ,20191104,3.6,3.77,3.58,3.7,3.59,0.11,3.0641,65692.24,24449.447
336,002420.SZ,20191101,3.56,3.6,3.51,3.59,3.57,0.02,0.5602,24558.0,8714.633
337,002420.SZ,20191031,3.7,3.7,3.55,3.57,3.67,-0.1,-2.7248,51054.81,18412.183
338,002420.SZ,20191030,3.65,3.72,3.62,3.67,3.65,0.02,0.5479,37302.09,13713.774
339,002420.SZ,20191029,3.69,3.73,3.63,3.65,3.66,-0.01,-0.2732,32372.0,11852.577
340,002420.SZ,20191028,3.59,3.7,3.58,3.66,3.59,0.07,1.9499,55373.1,20136.791
341,002420.SZ,20191025,3.52,3.6,3.51,3.59,3.54,0.05,1.4124,23364.0,8351.219
342,002420.SZ,20191024,3.62,3.62,3.51,3.54,3.63,-0.09,-2.4793,35442.0,12633.716
343,002420.SZ,20191023,3.6,3.68,3.56,3.63,3.59,0.04,1.1142,47603.0,17304.152
344,002420.SZ,20191022,3.54,3.61,3.53,3.59,3.58,0.01,0.2793,30047.67,10699.289
345,002420.SZ,20191021,3.59,3.61,3.48,3.58,3.55,0.03,0.8451,40650.01,14493.396
346,002420.SZ,20191018,3.52,3.64,3.52,3.55,3.52,0.03,0.8523,57877.0,20744.632
347,002420.SZ,20191017,3.45,3.56,3.42,3.52,3.45,0.07,2.029,47843.77,16728.115
348,002420.SZ,20191016,3.41,3.52,3.41,3.45,3.47,-0.02,-0.5764,16041.01,5545.454
349,002420.SZ,20191015,3.5,3.53,3.45,3.47,3.52,-0.05,-1.4205,24783.13,8618.207
350,002420.SZ,20191014,3.43,3.54,3.41,3.52,3.43,0.09,2.6239,42291.15,14752.88
351,002420.SZ,20191011,3.43,3.45,3.39,3.43,3.43,0.0,0.0,28458.0,9737.639
352,002420.SZ,20191010,3.35,3.46,3.33,3.43,3.35,0.08,2.3881,32248.0,11016.307
353,002420.SZ,20191009,3.29,3.37,3.26,3.35,3.29,0.06,1.8237,12834.13,4264.047
354,002420.SZ,20191008,3.25,3.31,3.25,3.29,3.28,0.01,0.3049,16891.0,5553.346
355,002420.SZ,20190930,3.3,3.33,3.26,3.28,3.3,-0.02,-0.6061,16670.0,5483.357
356,002420.SZ,20190927,3.25,3.32,3.23,3.3,3.27,0.03,0.9174,19388.0,6371.839
357,002420.SZ,20190926,3.36,3.42,3.26,3.27,3.36,-0.09,-2.6786,23909.0,7943.302
358,002420.SZ,20190925,3.44,3.48,3.36,3.36,3.46,-0.1,-2.8902,30034.0,10256.603
359,002420.SZ,20190924,3.41,3.49,3.41,3.46,3.41,0.05,1.4663,26635.13,9197.78
360,002420.SZ,20190923,3.44,3.46,3.39,3.41,3.45,-0.04,-1.1594,26531.13,9074.9
361,002420.SZ,20190920,3.47,3.49,3.43,3.45,3.48,-0.03,-0.8621,23633.0,8165.441
362,002420.SZ,20190919,3.38,3.48,3.36,3.48,3.39,0.09,2.6549,51446.0,17630.748
363,002420.SZ,20190918,3.34,3.45,3.33,3.39,3.34,0.05,1.497,42710.14,14448.476
364,002420.SZ,20190917,3.34,3.37,3.28,3.34,3.35,-0.01,-0.2985,25033.0,8322.541
365,002420.SZ,20190916,3.34,3.35,3.31,3.35,3.35,0.0,0.0,18513.0,6174.384
366,002420.SZ,20190912,3.31,3.35,3.3,3.35,3.32,0.03,0.9036,27424.13,9137.219
367,002420.SZ,20190911,3.34,3.37,3.3,3.32,3.34,-0.02,-0.5988,17254.24,5754.402
368,002420.SZ,20190910,3.36,3.36,3.3,3.34,3.36,-0.02,-0.5952,21925.15,7288.069
369,002420.SZ,20190909,3.35,3.36,3.31,3.36,3.33,0.03,0.9009,19457.0,6483.147
370,002420.SZ,20190906,3.34,3.36,3.3,3.33,3.34,-0.01,-0.2994,16478.01,5484.391
371,002420.SZ,20190905,3.32,3.39,3.31,3.34,3.33,0.01,0.3003,23114.3,7745.05
372,002420.SZ,20190904,3.29,3.33,3.27,3.33,3.29,0.04,1.2158,19699.29,6515.563
373,002420.SZ,20190903,3.28,3.3,3.26,3.29,3.29,0.0,0.0,24099.0,7913.85
374,002420.SZ,20190902,3.27,3.29,3.25,3.29,3.25,0.04,1.2308,25069.9,8220.842
375,002420.SZ,20190830,3.24,3.32,3.22,3.25,3.25,0.0,0.0,24691.0,8058.74
376,002420.SZ,20190829,3.26,3.27,3.2,3.25,3.26,-0.01,-0.3067,19591.0,6343.337
377,002420.SZ,20190828,3.24,3.3,3.24,3.26,3.25,0.01,0.3077,21248.15,6932.459
378,002420.SZ,20190827,3.23,3.26,3.21,3.25,3.21,0.04,1.2461,18862.39,6099.394
379,002420.SZ,20190826,3.15,3.27,3.11,3.21,3.21,0.0,0.0,26347.0,8403.039
380,002420.SZ,20190823,3.36,3.36,3.2,3.21,3.29,-0.08,-2.4316,88661.43,29161.355
381,002420.SZ,20190822,3.25,3.29,3.22,3.29,3.13,0.16,5.1118,29145.43,9517.35
382,002420.SZ,20190821,3.09,3.14,3.07,3.13,3.08,0.05,1.6234,21900.0,6806.376
383,002420.SZ,20190820,3.09,3.12,3.08,3.08,3.08,0.0,0.0,18525.37,5740.022
384,002420.SZ,20190819,3.05,3.11,3.03,3.08,3.03,0.05,1.6502,18976.99,5828.79
385,002420.SZ,20190816,3.04,3.06,3.01,3.03,3.04,-0.01,-0.3289,10662.0,3229.808
386,002420.SZ,20190815,3.0,3.04,2.94,3.04,3.05,-0.01,-0.3279,6995.0,2102.358
387,002420.SZ,20190814,3.07,3.08,3.04,3.05,3.05,0.0,0.0,7115.79,2176.92
388,002420.SZ,20190813,3.04,3.07,3.02,3.05,3.07,-0.02,-0.6515,5656.0,1724.659
389,002420.SZ,20190812,3.08,3.08,3.04,3.07,3.08,-0.01,-0.3247,8059.0,2465.083
390,002420.SZ,20190809,3.09,3.09,3.03,3.08,3.06,0.02,0.6536,7648.0,2339.698
391,002420.SZ,20190808,3.02,3.08,3.02,3.06,3.02,0.04,1.3245,12697.0,3883.351
392,002420.SZ,20190807,3.02,3.06,3.01,3.02,3.03,-0.01,-0.33,8548.0,2595.377
393,002420.SZ,20190806,3.09,3.09,2.98,3.03,3.13,-0.1,-3.1949,29258.0,8862.695
394,002420.SZ,20190805,3.15,3.19,3.12,3.13,3.16,-0.03,-0.9494,15030.0,4735.033
395,002420.SZ,20190802,3.11,3.18,3.1,3.16,3.16,0.0,0.0,20994.11,6604.243
396,002420.SZ,20190801,3.15,3.17,3.13,3.16,3.16,0.0,0.0,10595.0,3339.481
397,002420.SZ,20190731,3.17,3.21,3.14,3.16,3.16,0.0,0.0,17254.0,5452.44
398,002420.SZ,20190730,3.18,3.19,3.16,3.16,3.17,-0.01,-0.3155,17312.01,5492.275
399,002420.SZ,20190729,3.15,3.19,3.14,3.17,3.17,0.0,0.0,14325.0,4534.621
400,002420.SZ,20190726,3.13,3.2,3.12,3.17,3.14,0.03,0.9554,16698.0,5270.49
401,002420.SZ,20190725,3.13,3.16,3.13,3.14,3.13,0.01,0.3195,10305.0,3236.089
402,002420.SZ,20190724,3.12,3.15,3.12,3.13,3.12,0.01,0.3205,18435.0,5781.064
403,002420.SZ,20190723,3.08,3.12,3.06,3.12,3.07,0.05,1.6287,14751.0,4567.349
404,002420.SZ,20190722,3.09,3.12,3.01,3.07,3.09,-0.02,-0.6472,14975.0,4574.99
405,002420.SZ,20190719,3.08,3.11,3.08,3.09,3.07,0.02,0.6515,6874.0,2130.177
406,002420.SZ,20190718,3.07,3.1,3.07,3.07,3.1,-0.03,-0.9677,9182.0,2828.165
407,002420.SZ,20190717,3.09,3.12,3.09,3.1,3.12,-0.02,-0.641,10245.0,3183.344
408,002420.SZ,20190716,3.1,3.13,3.09,3.12,3.1,0.02,0.6452,14209.1,4422.841
409,002420.SZ,20190715,3.05,3.11,3.03,3.1,3.07,0.03,0.9772,14246.11,4390.495
410,002420.SZ,20190712,3.07,3.08,3.04,3.07,3.06,0.01,0.3268,7896.24,2420.877
411,002420.SZ,20190711,3.06,3.1,3.05,3.06,3.05,0.01,0.3279,15193.01,4675.823
412,002420.SZ,20190710,3.02,3.07,3.02,3.05,3.02,0.03,0.9934,17812.01,5434.198
413,002420.SZ,20190709,3.0,3.04,2.99,3.02,3.01,0.01,0.3322,13501.0,4078.704
414,002420.SZ,20190708,3.11,3.11,2.98,3.01,3.14,-0.13,-4.1401,33483.14,10127.156
415,002420.SZ,20190705,3.13,3.15,3.11,3.14,3.13,0.01,0.3195,18610.24,5830.535
416,002420.SZ,20190704,3.11,3.15,3.11,3.13,3.14,-0.01,-0.3185,12822.0,4009.71
417,002420.SZ,20190703,3.21,3.21,3.11,3.14,3.21,-0.07,-2.1807,28513.0,8973.902
418,002420.SZ,20190702,3.15,3.28,3.13,3.21,3.15,0.06,1.9048,48692.1,15643.572
419,002420.SZ,20190701,3.15,3.17,3.13,3.15,3.11,0.04,1.2862,39530.24,12424.413
420,002420.SZ,20190628,3.14,3.14,3.1,3.11,3.15,-0.04,-1.2698,10462.0,3258.534
421,002420.SZ,20190627,3.16,3.17,3.13,3.15,3.15,0.0,0.0,22623.0,7132.254
422,002420.SZ,20190626,3.12,3.16,3.09,3.15,3.12,0.03,0.9615,31253.5,9815.013
423,002420.SZ,20190625,3.15,3.15,3.09,3.12,3.14,-0.02,-0.6369,14861.0,4629.565
424,002420.SZ,20190624,3.13,3.15,3.09,3.14,3.15,-0.01,-0.3175,21444.94,6704.189
425,002420.SZ,20190621,3.18,3.19,3.11,3.15,3.04,0.11,3.6184,45779.5,14410.282
426,002420.SZ,20190620,3.0,3.05,2.97,3.04,3.01,0.03,0.9967,21406.72,6465.599
427,002420.SZ,20190619,3.03,3.05,3.0,3.01,3.0,0.01,0.3333,17407.0,5272.422
428,002420.SZ,20190618,2.99,3.01,2.97,3.0,3.0,0.0,0.0,10326.34,3094.469
429,002420.SZ,20190617,2.98,3.04,2.98,3.0,3.02,-0.02,-0.6623,13114.01,3946.68
430,002420.SZ,20190614,3.06,3.1,3.0,3.02,3.08,-0.06,-1.9481,20088.0,6122.195
431,002420.SZ,20190613,3.02,3.1,3.0,3.08,3.03,0.05,1.6502,28939.5,8847.968
432,002420.SZ,20190612,3.03,3.07,3.02,3.03,3.03,0.0,0.0,19315.0,5873.384
433,002420.SZ,20190611,2.94,3.04,2.92,3.03,2.93,0.1,3.413,29023.14,8728.819
434,002420.SZ,20190610,2.94,2.97,2.9,2.93,2.92,0.01,0.3425,21976.0,6457.538
435,002420.SZ,20190606,3.04,3.08,2.91,2.92,3.06,-0.14,-4.5752,63569.64,18876.857
436,002420.SZ,20190605,3.09,3.12,3.06,3.06,3.05,0.01,0.3279,19307.0,5973.492
437,002420.SZ,20190604,3.11,3.12,3.02,3.05,3.09,-0.04,-1.2945,14123.0,4336.239
438,002420.SZ,20190603,3.2,3.22,3.09,3.09,3.17,-0.08,-2.5237,29534.15,9230.69
439,002420.SZ,20190531,3.18,3.22,3.17,3.17,3.2,-0.03,-0.9375,21296.0,6799.447
440,002420.SZ,20190530,3.24,3.24,3.15,3.2,3.24,-0.04,-1.2346,28115.64,8963.147
441,002420.SZ,20190529,3.2,3.26,3.2,3.24,3.21,0.03,0.9346,21246.03,6890.671
442,002420.SZ,20190528,3.18,3.27,3.18,3.21,3.21,0.0,0.0,29082.0,9436.951
443,002420.SZ,20190527,3.17,3.23,3.12,3.21,3.13,0.08,2.5559,24079.11,7639.263
444,002420.SZ,20190524,3.17,3.21,3.13,3.13,3.15,-0.02,-0.6349,25527.0,8086.084
445,002420.SZ,20190523,3.17,3.33,3.13,3.15,3.17,-0.02,-0.6309,66470.57,21522.027
446,002420.SZ,20190522,3.16,3.18,3.13,3.17,3.16,0.01,0.3165,30796.9,9706.689
447,002420.SZ,20190521,3.11,3.18,3.09,3.16,3.1,0.06,1.9355,27629.56,8719.407
448,002420.SZ,20190520,3.17,3.17,3.02,3.1,3.17,-0.07,-2.2082,32303.0,9989.661
449,002420.SZ,20190517,3.35,3.35,3.17,3.17,3.34,-0.17,-5.0898,60524.23,19640.73
450,002420.SZ,20190516,3.29,3.34,3.27,3.34,3.28,0.06,1.8293,44589.0,14783.518
451,002420.SZ,20190515,3.27,3.32,3.24,3.28,3.24,0.04,1.2346,43611.01,14319.852
452,002420.SZ,20190514,3.19,3.27,3.19,3.24,3.26,-0.02,-0.6135,28929.01,9359.308
453,002420.SZ,20190513,3.28,3.28,3.23,3.26,3.3,-0.04,-1.2121,54979.32,17880.652
454,002420.SZ,20190510,3.24,3.31,3.21,3.3,3.23,0.07,2.1672,66762.88,21852.714
455,002420.SZ,20190509,3.19,3.26,3.17,3.23,3.23,0.0,0.0,55852.0,18013.054
456,002420.SZ,20190508,3.11,3.33,3.09,3.23,3.22,0.01,0.3106,98138.98,31647.534
457,002420.SZ,20190507,3.22,3.29,3.22,3.22,3.39,-0.17,-5.0147,170521.0,54984.753
458,002420.SZ,20190506,3.39,3.39,3.39,3.39,3.57,-0.18,-5.042,8289.0,2809.971
459,002420.SZ,20190430,3.57,3.57,3.57,3.57,3.76,-0.19,-5.0532,8872.0,3167.304
460,002420.SZ,20190426,3.93,3.93,3.74,3.76,3.9,-0.14,-3.5897,64759.49,24682.238
461,002420.SZ,20190425,4.11,4.13,3.89,3.9,4.13,-0.23,-5.569,85588.1,34545.716
462,002420.SZ,20190424,4.06,4.13,3.98,4.13,4.03,0.1,2.4814,61418.45,24966.089
463,002420.SZ,20190423,4.13,4.16,4.02,4.03,4.15,-0.12,-2.8916,67143.0,27350.565
464,002420.SZ,20190422,4.28,4.33,4.11,4.15,4.3,-0.15,-3.4884,76560.54,32355.269
465,002420.SZ,20190419,4.35,4.35,4.22,4.3,4.35,-0.05,-1.1494,80146.01,34254.592
466,002420.SZ,20190418,4.29,4.39,4.27,4.35,4.31,0.04,0.9281,113925.73,49615.36
467,002420.SZ,20190417,4.27,4.31,4.22,4.31,4.26,0.05,1.1737,77742.12,33240.082
468,002420.SZ,20190416,4.26,4.27,4.12,4.26,4.25,0.01,0.2353,72293.06,30334.325
469,002420.SZ,20190415,4.27,4.39,4.23,4.25,4.23,0.02,0.4728,90747.0,39179.216
470,002420.SZ,20190412,4.25,4.27,4.12,4.23,4.26,-0.03,-0.7042,78678.66,33023.7
471,002420.SZ,20190411,4.34,4.38,4.21,4.26,4.31,-0.05,-1.1601,91500.18,39518.183
472,002420.SZ,20190410,4.33,4.41,4.26,4.31,4.37,-0.06,-1.373,97817.72,42519.603
473,002420.SZ,20190409,4.28,4.41,4.26,4.37,4.28,0.09,2.1028,85687.22,37279.62
474,002420.SZ,20190408,4.38,4.41,4.21,4.28,4.35,-0.07,-1.6092,90107.0,38852.558
475,002420.SZ,20190404,4.35,4.45,4.31,4.35,4.34,0.01,0.2304,103990.53,45372.406
476,002420.SZ,20190403,4.32,4.42,4.29,4.34,4.31,0.03,0.6961,90074.02,39266.003
477,002420.SZ,20190402,4.33,4.48,4.3,4.31,4.3,0.01,0.2326,141249.01,61731.138
478,002420.SZ,20190401,4.14,4.33,4.11,4.3,4.04,0.26,6.4356,125925.24,53488.781
479,002420.SZ,20190329,3.9,4.06,3.88,4.04,3.9,0.14,3.5897,91339.74,36353.3
480,002420.SZ,20190328,4.09,4.1,3.89,3.9,4.12,-0.22,-5.3398,111287.1,44407.832
481,002420.SZ,20190327,4.15,4.18,4.03,4.12,4.21,-0.09,-2.1378,100457.04,41170.55
482,002420.SZ,20190326,4.34,4.4,4.02,4.21,4.43,-0.22,-4.9661,178598.46,75257.909
483,002420.SZ,20190325,4.58,4.64,4.42,4.43,4.66,-0.23,-4.9356,152783.56,68969.932
484,002420.SZ,20190322,4.46,4.72,4.41,4.66,4.48,0.18,4.0179,192322.64,88167.73
485,002420.SZ,20190321,4.42,4.59,4.39,4.48,4.39,0.09,2.0501,170849.21,76587.423
486,002420.SZ,20190320,4.33,4.39,4.2,4.39,4.33,0.06,1.3857,112154.09,48256.158
487,002420.SZ,20190319,4.37,4.44,4.3,4.33,4.37,-0.04,-0.9153,90814.75,39612.819
488,002420.SZ,20190318,4.36,4.38,4.22,4.37,4.32,0.05,1.1574,98735.49,42547.076
489,002420.SZ,20190315,4.31,4.43,4.24,4.32,4.26,0.06,1.4085,107415.0,46616.918
490,002420.SZ,20190314,4.44,4.51,4.15,4.26,4.47,-0.21,-4.698,134126.66,57623.123
491,002420.SZ,20190313,4.7,4.7,4.42,4.47,4.77,-0.3,-6.2893,186045.64,84888.671
492,002420.SZ,20190312,4.64,4.81,4.56,4.77,4.69,0.08,1.7058,246907.14,116453.164
493,002420.SZ,20190311,4.6,4.85,4.38,4.69,4.87,-0.18,-3.6961,281988.75,128690.88
494,002420.SZ,20190308,4.87,5.15,4.87,4.87,5.41,-0.54,-9.9815,362291.34,179746.361
495,002420.SZ,20190307,5.18,5.41,5.0,5.41,4.92,0.49,9.9593,697850.41,361455.926
496,002420.SZ,20190306,4.92,4.92,4.8,4.92,4.47,0.45,10.0671,192065.4,94462.266
497,002420.SZ,20190305,4.46,4.47,4.28,4.47,4.06,0.41,10.0985,125805.8,56068.569
498,002420.SZ,20190304,4.06,4.06,4.0,4.06,3.69,0.37,10.0271,127392.7,51719.517
499,002420.SZ,20190301,3.66,3.75,3.66,3.69,3.68,0.01,0.2717,41886.49,15517.632
500,002420.SZ,20190228,3.77,3.77,3.64,3.68,3.64,0.04,1.0989,73400.01,27206.585
501,002420.SZ,20190227,3.62,3.72,3.6,3.64,3.61,0.03,0.831,56755.28,20753.324
502,002420.SZ,20190226,3.6,3.75,3.56,3.61,3.6,0.01,0.2778,86187.55,31381.8
503,002420.SZ,20190225,3.49,3.62,3.49,3.6,3.47,0.13,3.7464,77773.78,27703.483
504,002420.SZ,20190222,3.41,3.49,3.41,3.47,3.44,0.03,0.8721,48518.0,16714.696
505,002420.SZ,20190221,3.5,3.52,3.4,3.44,3.47,-0.03,-0.8646,56852.88,19708.652
506,002420.SZ,20190220,3.41,3.69,3.4,3.47,3.42,0.05,1.462,68081.22,23810.512
507,002420.SZ,20190219,3.39,3.48,3.36,3.42,3.38,0.04,1.1834,57662.0,19728.088
508,002420.SZ,20190218,3.31,3.4,3.31,3.38,3.31,0.07,2.1148,51643.35,17388.126
509,002420.SZ,20190215,3.33,3.35,3.3,3.31,3.35,-0.04,-1.194,45312.89,15075.622
510,002420.SZ,20190214,3.24,3.39,3.24,3.35,3.36,-0.01,-0.2976,78283.23,25924.028
511,002420.SZ,20190213,3.4,3.53,3.35,3.36,3.21,0.15,4.6729,121255.73,41520.424
512,002420.SZ,20190212,3.14,3.25,3.14,3.21,3.14,0.07,2.2293,30597.5,9809.022
513,002420.SZ,20190211,3.1,3.16,3.08,3.14,3.06,0.08,2.6144,21874.0,6845.938
514,002420.SZ,20190201,2.98,3.07,2.98,3.06,2.98,0.08,2.6846,22488.1,6820.475
515,002420.SZ,20190131,3.01,3.11,2.91,2.98,3.11,-0.13,-4.1801,34549.0,10473.194
516,002420.SZ,20190130,3.18,3.2,3.1,3.11,3.2,-0.09,-2.8125,19729.18,6218.406
517,002420.SZ,20190129,3.24,3.27,3.17,3.2,3.25,-0.05,-1.5385,19931.0,6407.619
518,002420.SZ,20190128,3.37,3.39,3.22,3.25,3.34,-0.09,-2.6946,26537.0,8757.725
519,002420.SZ,20190125,3.5,3.5,3.33,3.34,3.48,-0.14,-4.023,26876.0,9183.181
520,002420.SZ,20190124,3.51,3.53,3.47,3.48,3.49,-0.01,-0.2865,23674.0,8278.778
521,002420.SZ,20190123,3.47,3.53,3.44,3.49,3.48,0.01,0.2874,15824.68,5513.502
522,002420.SZ,20190122,3.57,3.57,3.45,3.48,3.55,-0.07,-1.9718,21261.39,7432.918
523,002420.SZ,20190121,3.58,3.59,3.53,3.55,3.53,0.02,0.5666,14823.8,5277.205
524,002420.SZ,20190118,3.45,3.56,3.45,3.53,3.49,0.04,1.1461,23816.0,8411.156
525,002420.SZ,20190117,3.54,3.54,3.45,3.49,3.54,-0.05,-1.4124,20630.0,7228.216
526,002420.SZ,20190116,3.6,3.61,3.52,3.54,3.57,-0.03,-0.8403,20173.01,7180.548
527,002420.SZ,20190115,3.52,3.58,3.52,3.57,3.5,0.07,2.0,20337.79,7220.99
528,002420.SZ,20190114,3.53,3.56,3.48,3.5,3.54,-0.04,-1.1299,19790.78,6965.035
529,002420.SZ,20190111,3.49,3.54,3.48,3.54,3.48,0.06,1.7241,22965.78,8046.407
530,002420.SZ,20190110,3.51,3.58,3.48,3.48,3.51,-0.03,-0.8547,27691.67,9786.69
531,002420.SZ,20190109,3.53,3.58,3.46,3.51,3.5,0.01,0.2857,35072.88,12378.81
532,002420.SZ,20190108,3.49,3.54,3.46,3.5,3.46,0.04,1.1561,21515.0,7529.687
533,002420.SZ,20190107,3.38,3.49,3.37,3.46,3.38,0.08,2.3669,29448.0,10165.826
534,002420.SZ,20190104,3.29,3.38,3.2,3.38,3.3,0.08,2.4242,35824.0,11832.319
535,002420.SZ,20190103,3.35,3.4,3.3,3.3,3.34,-0.04,-1.1976,19935.0,6676.586
536,002420.SZ,20190102,3.32,3.36,3.29,3.34,3.29,0.05,1.5198,19029.66,6327.841
537,002420.SZ,20181228,3.29,3.36,3.25,3.29,3.29,0.0,0.0,23185.0,7671.326
538,002420.SZ,20181227,3.45,3.5,3.29,3.29,3.45,-0.16,-4.6377,28442.0,9666.405
539,002420.SZ,20181226,3.46,3.47,3.36,3.45,3.45,0.0,0.0,30991.11,10588.79
540,002420.SZ,20181225,3.48,3.53,3.33,3.45,3.5,-0.05,-1.4286,25273.1,8610.294
541,002420.SZ,20181224,3.48,3.56,3.48,3.5,3.47,0.03,0.8646,26073.0,9177.856
542,002420.SZ,20181221,3.53,3.55,3.43,3.47,3.58,-0.11,-3.0726,26276.0,9162.883
543,002420.SZ,20181220,3.48,3.61,3.43,3.58,3.49,0.09,2.5788,30532.0,10755.788
544,002420.SZ,20181219,3.51,3.54,3.47,3.49,3.51,-0.02,-0.5698,24278.0,8492.015
545,002420.SZ,20181218,3.53,3.57,3.49,3.51,3.52,-0.01,-0.2841,17660.0,6229.367
546,002420.SZ,20181217,3.59,3.59,3.48,3.52,3.57,-0.05,-1.4006,21778.0,7702.351
547,002420.SZ,20181214,3.74,3.74,3.55,3.57,3.8,-0.23,-6.0526,56057.0,20402.005
548,002420.SZ,20181213,3.9,4.08,3.74,3.8,3.91,-0.11,-2.8133,129650.66,50133.164
549,002420.SZ,20181212,3.8,4.0,3.78,3.91,3.8,0.11,2.8947,52724.51,20383.393
550,002420.SZ,20181211,3.78,3.82,3.72,3.8,3.76,0.04,1.0638,20566.99,7758.138
551,002420.SZ,20181210,3.75,3.76,3.66,3.76,3.78,-0.02,-0.5291,21050.0,7836.257
552,002420.SZ,20181207,3.72,3.85,3.68,3.78,3.75,0.03,0.8,42279.0,15898.102
553,002420.SZ,20181206,3.77,3.77,3.64,3.75,3.84,-0.09,-2.3438,35483.01,13175.941
554,002420.SZ,20181205,3.67,3.84,3.62,3.84,3.75,0.09,2.4,48211.01,17918.561
555,002420.SZ,20181204,3.71,3.77,3.67,3.75,3.7,0.05,1.3514,34469.0,12857.529
556,002420.SZ,20181203,3.64,3.72,3.64,3.7,3.61,0.09,2.4931,34155.29,12577.475
557,002420.SZ,20181130,3.57,3.63,3.36,3.61,3.54,0.07,1.9774,40519.29,14217.249
558,002420.SZ,20181129,3.7,3.71,3.53,3.54,3.67,-0.13,-3.5422,29721.0,10868.704
559,002420.SZ,20181128,3.6,3.67,3.51,3.67,3.6,0.07,1.9444,30570.29,11033.493
560,002420.SZ,20181127,3.59,3.63,3.56,3.6,3.57,0.03,0.8403,30165.0,10846.615
561,002420.SZ,20181126,3.57,3.63,3.54,3.57,3.54,0.03,0.8475,30693.0,10981.612
562,002420.SZ,20181123,3.87,3.88,3.52,3.54,3.87,-0.33,-8.5271,58797.0,21541.052
563,002420.SZ,20181122,3.86,3.91,3.8,3.87,3.88,-0.01,-0.2577,41315.02,15897.481
564,002420.SZ,20181121,3.76,3.88,3.73,3.88,3.86,0.02,0.5181,48839.0,18629.281
565,002420.SZ,20181120,3.89,3.94,3.83,3.86,3.87,-0.01,-0.2584,59628.0,23219.164
566,002420.SZ,20181119,3.89,3.94,3.8,3.87,3.94,-0.07,-1.7766,68690.88,26483.114
567,002420.SZ,20181116,3.91,3.98,3.86,3.94,3.92,0.02,0.5102,79916.27,31372.04
568,002420.SZ,20181115,3.88,3.94,3.86,3.92,3.9,0.02,0.5128,88210.37,34407.19
569,002420.SZ,20181114,4.01,4.09,3.88,3.9,4.08,-0.18,-4.4118,158095.6,62629.071
570,002420.SZ,20181113,3.92,4.18,3.92,4.08,4.01,0.07,1.7456,233706.56,94387.355
571,002420.SZ,20181112,4.3,4.37,3.94,4.01,4.16,-0.15,-3.6058,311520.63,128877.582
572,002420.SZ,20181109,4.16,4.16,4.1,4.16,3.78,0.38,10.0529,184287.41,76650.805
573,002420.SZ,20181108,3.78,3.78,3.78,3.78,3.44,0.34,9.8837,40305.0,15235.29
574,002420.SZ,20181107,3.52,3.73,3.44,3.44,3.57,-0.13,-3.6415,107039.89,38229.816
575,002420.SZ,20181106,3.75,3.85,3.57,3.57,3.69,-0.12,-3.252,149113.51,55503.13
576,002420.SZ,20181105,3.34,3.69,3.33,3.69,3.35,0.34,10.1493,113588.05,41333.881
577,002420.SZ,20181102,3.32,3.36,3.29,3.35,3.26,0.09,2.7607,27790.79,9244.724
578,002420.SZ,20181101,3.29,3.33,3.25,3.26,3.29,-0.03,-0.9119,22058.79,7272.774
579,002420.SZ,20181031,3.25,3.36,3.2,3.29,3.25,0.04,1.2308,39960.0,13200.268
580,002420.SZ,20181030,3.2,3.29,3.13,3.25,3.19,0.06,1.8809,28484.22,9139.887
581,002420.SZ,20181029,3.22,3.23,3.17,3.19,3.24,-0.05,-1.5432,9174.44,2929.275
582,002420.SZ,20181026,3.21,3.31,3.21,3.24,3.2,0.04,1.25,22228.43,7240.059
583,002420.SZ,20181025,3.15,3.21,3.05,3.2,3.21,-0.01,-0.3115,17428.0,5475.406
584,002420.SZ,20181024,3.2,3.25,3.17,3.21,3.22,-0.01,-0.3106,20111.65,6474.146
585,002420.SZ,20181023,3.17,3.3,3.15,3.22,3.18,0.04,1.2579,51673.74,16694.701
586,002420.SZ,20181022,3.08,3.27,3.04,3.18,3.01,0.17,5.6478,48820.97,15450.93
587,002420.SZ,20181019,2.96,3.04,2.87,3.01,2.99,0.02,0.6689,17692.35,5246.14
588,002420.SZ,20181018,3.02,3.03,2.95,2.99,3.05,-0.06,-1.9672,12625.0,3771.737
589,002420.SZ,20181017,3.0,3.1,2.97,3.05,3.01,0.04,1.3289,15334.67,4632.683
590,002420.SZ,20181016,3.04,3.08,2.9,3.01,3.04,-0.03,-0.9868,24709.01,7470.179
591,002420.SZ,20181015,3.22,3.25,3.01,3.04,3.22,-0.18,-5.5901,32416.57,10119.92
592,002420.SZ,20181012,3.26,3.31,3.1,3.22,3.3,-0.08,-2.4242,19205.0,6151.876
593,002420.SZ,20181011,3.57,3.57,3.25,3.3,3.6,-0.3,-8.3333,26383.78,8863.025
594,002420.SZ,20181010,3.6,3.66,3.59,3.6,3.6,0.0,0.0,8413.95,3054.021
595,002420.SZ,20181009,3.63,3.66,3.58,3.6,3.57,0.03,0.8403,10861.0,3927.85
596,002420.SZ,20181008,3.73,3.75,3.52,3.57,3.75,-0.18,-4.8,12505.21,4561.618
597,002420.SZ,20180928,3.69,3.75,3.69,3.75,3.71,0.04,1.0782,9268.45,3464.664
598,002420.SZ,20180927,3.83,3.83,3.71,3.71,3.77,-0.06,-1.5915,15910.0,5978.146
599,002420.SZ,20180926,3.77,3.81,3.76,3.77,3.77,0.0,0.0,8765.39,3319.271
600,002420.SZ,20180925,3.76,3.79,3.75,3.77,3.76,0.01,0.266,13234.67,4989.63
601,002420.SZ,20180921,3.74,3.78,3.67,3.76,3.69,0.07,1.897,16951.26,6323.993
602,002420.SZ,20180920,3.7,3.73,3.67,3.69,3.68,0.01,0.2717,7949.54,2932.644
603,002420.SZ,20180919,3.65,3.71,3.61,3.68,3.63,0.05,1.3774,13876.5,5086.912
604,002420.SZ,20180918,3.6,3.65,3.56,3.63,3.57,0.06,1.6807,19363.7,6987.406
605,002420.SZ,20180917,3.66,3.67,3.56,3.57,3.68,-0.11,-2.9891,12711.37,4590.416
606,002420.SZ,20180914,3.74,3.76,3.67,3.68,3.73,-0.05,-1.3405,14732.0,5478.877
607,002420.SZ,20180913,3.72,3.76,3.7,3.73,3.72,0.01,0.2688,13632.49,5071.42
608,002420.SZ,20180912,3.73,3.76,3.68,3.72,3.72,0.0,0.0,15064.0,5599.232
609,002420.SZ,20180911,3.67,3.85,3.66,3.72,3.66,0.06,1.6393,24852.07,9367.274
610,002420.SZ,20180910,3.75,3.78,3.65,3.66,3.75,-0.09,-2.4,15300.0,5702.301
611,002420.SZ,20180907,3.77,3.81,3.73,3.75,3.76,-0.01,-0.266,8204.01,3090.915
612,002420.SZ,20180906,3.79,3.83,3.75,3.76,3.8,-0.04,-1.0526,8272.0,3130.931
613,002420.SZ,20180905,3.79,3.89,3.77,3.8,3.81,-0.01,-0.2625,11783.0,4528.714
614,002420.SZ,20180904,3.78,3.85,3.76,3.81,3.81,0.0,0.0,16146.01,6135.23
615,002420.SZ,20180903,3.7,3.9,3.6,3.81,3.71,0.1,2.6954,23152.14,8731.853
616,002420.SZ,20180831,3.8,3.86,3.42,3.71,3.8,-0.09,-2.3684,22239.23,8415.852
617,002420.SZ,20180830,3.9,3.9,3.79,3.8,3.89,-0.09,-2.3136,14179.96,5461.942
618,002420.SZ,20180829,3.91,3.93,3.88,3.89,3.92,-0.03,-0.7653,12075.0,4709.799
619,002420.SZ,20180828,3.91,3.95,3.91,3.92,3.93,-0.01,-0.2545,11950.78,4692.523
620,002420.SZ,20180827,3.87,3.96,3.85,3.93,3.91,0.02,0.5115,19257.71,7533.727
621,002420.SZ,20180824,3.9,3.95,3.89,3.91,3.91,0.0,0.0,11468.13,4485.691
622,002420.SZ,20180823,3.88,3.93,3.87,3.91,3.88,0.03,0.7732,15323.16,5980.254
623,002420.SZ,20180822,3.96,3.97,3.88,3.88,4.0,-0.12,-3.0,26500.12,10372.34
624,002420.SZ,20180821,3.9,4.18,3.87,4.0,3.88,0.12,3.0928,47168.12,18796.328
625,002420.SZ,20180820,3.91,3.97,3.84,3.88,3.92,-0.04,-1.0204,22852.0,8890.208
626,002420.SZ,20180817,4.04,4.05,3.9,3.92,4.0,-0.08,-2.0,18689.0,7406.153
627,002420.SZ,20180816,4.01,4.04,3.95,4.0,4.04,-0.04,-0.9901,14893.88,5960.849
628,002420.SZ,20180815,4.12,4.12,4.03,4.04,4.13,-0.09,-2.1792,19202.6,7822.49
629,002420.SZ,20180814,4.22,4.27,4.06,4.13,4.27,-0.14,-3.2787,32655.84,13567.15
630,002420.SZ,20180813,4.19,4.27,4.11,4.27,4.27,0.0,0.0,25513.46,10682.962
631,002420.SZ,20180810,4.2,4.34,4.2,4.27,4.18,0.09,2.1531,69141.23,29488.98
632,002420.SZ,20180809,4.03,4.19,4.03,4.18,4.03,0.15,3.7221,20982.24,8706.653
633,002420.SZ,20180808,4.05,4.09,3.99,4.03,4.04,-0.01,-0.2475,12584.74,5090.939
634,002420.SZ,20180807,3.92,4.04,3.9,4.04,3.92,0.12,3.0612,14927.87,5949.388
635,002420.SZ,20180806,3.95,4.0,3.89,3.92,3.95,-0.03,-0.7595,14649.6,5770.765
636,002420.SZ,20180803,4.0,4.02,3.94,3.95,3.98,-0.03,-0.7538,14185.0,5637.47
637,002420.SZ,20180802,4.11,4.15,3.9,3.98,4.12,-0.14,-3.3981,19215.38,7705.547
638,002420.SZ,20180801,4.21,4.24,4.12,4.12,4.2,-0.08,-1.9048,13080.28,5450.192
639,002420.SZ,20180731,4.17,4.28,4.13,4.2,4.17,0.03,0.7194,14133.02,5944.464
640,002420.SZ,20180730,4.29,4.34,4.11,4.17,4.32,-0.15,-3.4722,24377.0,10240.115
641,002420.SZ,20180727,4.26,4.41,4.17,4.32,4.22,0.1,2.3697,40212.01,17213.665
642,002420.SZ,20180726,4.15,4.27,4.07,4.22,4.13,0.09,2.1792,39185.01,16495.426
643,002420.SZ,20180725,4.18,4.18,4.09,4.13,4.14,-0.01,-0.2415,13488.62,5553.807
644,002420.SZ,20180724,4.06,4.16,4.02,4.14,4.09,0.05,1.2225,25548.05,10497.417
645,002420.SZ,20180723,3.99,4.14,3.96,4.09,3.99,0.1,2.5063,23701.04,9627.974
646,002420.SZ,20180720,3.91,4.03,3.9,3.99,3.9,0.09,2.3077,14722.0,5852.78
647,002420.SZ,20180719,3.97,3.99,3.9,3.9,3.98,-0.08,-2.01,10066.0,3972.713
648,002420.SZ,20180718,4.0,4.04,3.96,3.98,4.0,-0.02,-0.5,15823.0,6334.915
649,002420.SZ,20180717,3.96,4.02,3.94,4.0,3.98,0.02,0.5,12425.0,4952.451
650,002420.SZ,20180716,3.99,4.03,3.93,3.98,4.04,-0.06,-1.49,19956.0,7926.244
651,002420.SZ,20180713,4.0,4.07,3.98,4.04,4.01,0.03,0.75,8533.56,3425.266
652,002420.SZ,20180712,3.89,4.03,3.86,4.01,3.9,0.11,2.82,18350.9,7313.042
653,002420.SZ,20180711,3.95,3.99,3.85,3.9,4.01,-0.11,-2.74,10155.02,3968.333
654,002420.SZ,20180710,4.03,4.05,3.97,4.01,4.03,-0.02,-0.5,9859.28,3950.687
655,002420.SZ,20180709,3.95,4.03,3.91,4.03,3.94,0.09,2.28,9909.01,3945.36
656,002420.SZ,20180706,3.94,4.03,3.85,3.94,3.94,0.0,0.0,12417.0,4915.936
657,002420.SZ,20180705,4.07,4.1,3.91,3.94,4.08,-0.14,-3.43,15149.68,6036.483
658,002420.SZ,20180704,4.12,4.12,4.03,4.08,4.12,-0.04,-0.97,9523.0,3877.211
659,002420.SZ,20180703,4.06,4.12,4.03,4.12,4.06,0.06,1.48,16341.01,6671.356
660,002420.SZ,20180702,4.11,4.12,4.03,4.06,4.11,-0.05,-1.22,14876.1,6063.541
661,002420.SZ,20180629,4.02,4.11,4.02,4.11,4.0,0.11,2.75,14265.38,5799.126
662,002420.SZ,20180628,4.03,4.09,3.99,4.0,4.03,-0.03,-0.74,13082.0,5275.234
663,002420.SZ,20180627,4.1,4.13,4.0,4.03,4.14,-0.11,-2.66,20867.42,8463.638
664,002420.SZ,20180626,3.85,4.14,3.83,4.14,3.88,0.26,6.7,22787.14,9111.108
665,002420.SZ,20180625,3.86,3.95,3.86,3.88,3.85,0.03,0.78,14295.43,5577.182
666,002420.SZ,20180622,3.76,3.86,3.7,3.85,3.76,0.09,2.39,11451.0,4366.138
667,002420.SZ,20180621,3.95,3.95,3.76,3.76,3.91,-0.15,-3.84,16321.0,6313.109
668,002420.SZ,20180620,3.86,3.95,3.82,3.91,3.86,0.05,1.3,17871.14,6958.523
669,002420.SZ,20180619,4.15,4.15,3.79,3.86,4.21,-0.35,-8.31,27815.0,10969.133
670,002420.SZ,20180615,4.22,4.26,4.04,4.21,4.21,0.0,0.0,22407.25,9317.535
671,002420.SZ,20180614,4.21,4.3,4.18,4.21,4.2,0.01,0.24,7902.0,3340.085
672,002420.SZ,20180613,4.28,4.32,4.19,4.2,4.32,-0.12,-2.78,10566.0,4506.008
673,002420.SZ,20180612,4.27,4.33,4.21,4.32,4.32,0.0,0.0,14002.28,5970.16
674,002420.SZ,20180611,4.28,4.35,4.26,4.32,4.31,0.01,0.23,8909.04,3841.082
675,002420.SZ,20180608,4.39,4.39,4.23,4.31,4.36,-0.05,-1.15,21311.01,9137.578
676,002420.SZ,20180607,4.48,4.53,4.33,4.36,4.48,-0.12,-2.68,22341.0,9836.703
677,002420.SZ,20180606,4.45,4.49,4.44,4.48,4.44,0.04,0.9,11898.21,5318.924
678,002420.SZ,20180605,4.4,4.46,4.38,4.44,4.4,0.04,0.91,14410.8,6364.942
679,002420.SZ,20180604,4.48,4.48,4.39,4.4,4.39,0.01,0.23,9332.63,4122.843
680,002420.SZ,20180601,4.35,4.49,4.34,4.39,4.38,0.01,0.23,13480.0,5976.149
681,002420.SZ,20180531,4.32,4.41,4.3,4.38,4.31,0.07,1.62,17071.0,7447.606
682,002420.SZ,20180530,4.53,4.56,4.29,4.31,4.56,-0.25,-5.48,19705.11,8713.469
683,002420.SZ,20180529,4.61,4.64,4.56,4.56,4.61,-0.05,-1.08,10398.01,4783.297
684,002420.SZ,20180528,4.71,4.74,4.56,4.61,4.7,-0.09,-1.91,15095.02,6995.459
685,002420.SZ,20180525,4.74,4.77,4.7,4.7,4.76,-0.06,-1.26,14553.0,6881.297
686,002420.SZ,20180524,4.82,4.82,4.74,4.76,4.78,-0.02,-0.42,15638.19,7445.666
687,002420.SZ,20180523,4.86,4.86,4.77,4.78,4.86,-0.08,-1.65,17777.0,8571.744
688,002420.SZ,20180522,4.85,4.86,4.81,4.86,4.86,0.0,0.0,16407.19,7940.133
689,002420.SZ,20180521,4.82,4.88,4.8,4.86,4.8,0.06,1.25,21070.19,10217.292
690,002420.SZ,20180518,4.73,4.81,4.7,4.8,4.74,0.06,1.27,19844.41,9443.148
691,002420.SZ,20180517,4.8,4.8,4.72,4.74,4.79,-0.05,-1.04,16731.0,7953.636
692,002420.SZ,20180516,4.83,4.83,4.76,4.79,4.84,-0.05,-1.03,18468.24,8847.4
693,002420.SZ,20180515,4.79,4.84,4.75,4.84,4.79,0.05,1.04,14622.0,7009.749
694,002420.SZ,20180514,4.87,4.9,4.78,4.79,4.91,-0.12,-2.44,32475.04,15628.664
695,002420.SZ,20180511,4.89,5.12,4.83,4.91,4.9,0.01,0.2,59883.0,29820.967
696,002420.SZ,20180510,4.91,4.91,4.85,4.9,4.92,-0.02,-0.41,22916.0,11179.646
697,002420.SZ,20180509,4.84,4.92,4.82,4.92,4.85,0.07,1.44,39116.3,19099.463
698,002420.SZ,20180508,4.82,4.88,4.78,4.85,4.82,0.03,0.62,39348.02,19022.064
699,002420.SZ,20180507,4.82,4.89,4.8,4.82,4.84,-0.02,-0.41,52096.68,25157.873
700,002420.SZ,20180504,4.99,5.0,4.83,4.84,5.03,-0.19,-3.78,59704.67,29297.822
701,002420.SZ,20180503,4.71,5.12,4.71,5.03,4.71,0.32,6.79,98203.69,48498.388
702,002420.SZ,20180502,4.88,4.89,4.71,4.71,4.84,-0.13,-2.69,32234.0,15425.583
703,002420.SZ,20180427,4.8,4.89,4.72,4.84,4.76,0.08,1.68,35688.47,17237.776
704,002420.SZ,20180426,4.76,4.92,4.76,4.76,4.77,-0.01,-0.21,73639.0,35716.569
705,002420.SZ,20180425,4.63,4.94,4.6,4.77,4.61,0.16,3.47,76721.0,36438.216
706,002420.SZ,20180424,4.47,4.75,4.4,4.61,4.44,0.17,3.83,46459.63,21328.751
707,002420.SZ,20180423,4.5,4.53,4.39,4.44,4.5,-0.06,-1.33,22534.71,10055.448
708,002420.SZ,20180420,4.61,4.72,4.5,4.5,4.68,-0.18,-3.85,43086.2,19829.595
709,002420.SZ,20180419,4.56,4.8,4.52,4.68,4.51,0.17,3.77,57429.93,26628.424
710,002420.SZ,20180418,4.42,4.57,4.42,4.51,4.37,0.14,3.2,33744.0,15120.217
711,002420.SZ,20180417,4.44,4.5,4.37,4.37,4.44,-0.07,-1.58,17163.0,7618.238
712,002420.SZ,20180416,4.58,4.58,4.41,4.44,4.58,-0.14,-3.06,30273.76,13586.346
713,002420.SZ,20180413,4.65,4.69,4.58,4.58,4.66,-0.08,-1.72,18197.0,8404.695
714,002420.SZ,20180412,4.65,4.68,4.59,4.66,4.65,0.01,0.22,17815.0,8257.736
715,002420.SZ,20180411,4.65,4.66,4.61,4.65,4.63,0.02,0.43,14259.06,6615.416
716,002420.SZ,20180410,4.61,4.64,4.53,4.63,4.61,0.02,0.43,26789.0,12332.938
717,002420.SZ,20180409,4.66,4.68,4.6,4.61,4.67,-0.06,-1.28,21665.15,10031.467
718,002420.SZ,20180404,4.65,4.72,4.63,4.67,4.64,0.03,0.65,20287.14,9504.733
719,002420.SZ,20180403,4.7,4.7,4.6,4.64,4.72,-0.08,-1.69,25122.47,11681.41
720,002420.SZ,20180402,4.83,4.83,4.69,4.72,4.7,0.02,0.43,38933.13,18550.754
721,002420.SZ,20180330,4.71,4.77,4.66,4.7,4.79,-0.09,-1.88,66441.61,31221.262
722,002420.SZ,20180329,4.75,4.98,4.71,4.79,4.77,0.02,0.42,124664.22,60412.89
723,002420.SZ,20180328,4.6,4.8,4.6,4.77,4.69,0.08,1.71,39822.49,18705.326
724,002420.SZ,20180327,4.67,4.73,4.5,4.69,4.5,0.19,4.22,45166.78,20874.367
725,002420.SZ,20180326,4.31,4.5,4.08,4.5,4.35,0.15,3.45,34344.64,14779.641
726,002420.SZ,20180323,4.57,4.57,4.29,4.35,4.67,-0.32,-6.85,40013.3,17733.027
727,002420.SZ,20180322,4.62,4.7,4.56,4.67,4.62,0.05,1.08,31663.02,14673.144
728,002420.SZ,20180321,4.73,4.77,4.61,4.62,4.79,-0.17,-3.55,46931.97,22050.049
729,002420.SZ,20180320,4.55,4.84,4.53,4.79,4.62,0.17,3.68,60102.15,28395.812
730,002420.SZ,20180319,4.62,4.63,4.58,4.62,4.64,-0.02,-0.43,16846.0,7756.147
731,002420.SZ,20180316,4.51,4.64,4.5,4.64,4.54,0.1,2.2,33294.58,15273.997
732,002420.SZ,20180315,4.55,4.57,4.46,4.54,4.6,-0.06,-1.3,25653.0,11582.46
733,002420.SZ,20180314,4.7,4.73,4.55,4.6,4.68,-0.08,-1.71,28702.21,13326.281
734,002420.SZ,20180313,4.68,4.74,4.65,4.68,4.67,0.01,0.21,23963.62,11267.89
735,002420.SZ,20180312,4.62,4.69,4.6,4.67,4.63,0.04,0.86,25053.58,11639.597
736,002420.SZ,20180309,4.56,4.65,4.53,4.63,4.55,0.08,1.76,17837.93,8199.519
737,002420.SZ,20180308,4.51,4.56,4.48,4.55,4.51,0.04,0.89,13850.62,6267.784
738,002420.SZ,20180307,4.55,4.56,4.49,4.51,4.55,-0.04,-0.88,13618.0,6157.206
739,002420.SZ,20180306,4.52,4.57,4.48,4.55,4.49,0.06,1.34,16337.81,7409.873
740,002420.SZ,20180305,4.48,4.54,4.45,4.49,4.47,0.02,0.45,13533.0,6080.295
741,002420.SZ,20180302,4.42,4.52,4.42,4.47,4.47,0.0,0.0,16920.0,7580.419
742,002420.SZ,20180301,4.35,4.5,4.34,4.47,4.39,0.08,1.82,20501.85,9130.429
743,002420.SZ,20180228,4.35,4.41,4.32,4.39,4.38,0.01,0.23,12799.0,5601.837
744,002420.SZ,20180227,4.36,4.44,4.36,4.38,4.38,0.0,0.0,14817.01,6511.641
745,002420.SZ,20180226,4.31,4.4,4.3,4.38,4.31,0.07,1.62,19228.64,8382.507
746,002420.SZ,20180223,4.34,4.36,4.27,4.31,4.33,-0.02,-0.46,20791.0,8976.556
747,002420.SZ,20180222,4.27,4.36,4.23,4.33,4.25,0.08,1.88,23789.01,10212.049
748,002420.SZ,20180214,4.23,4.27,4.2,4.25,4.21,0.04,0.95,11068.01,4684.021
749,002420.SZ,20180213,4.28,4.31,4.21,4.21,4.28,-0.07,-1.64,17477.01,7447.06
750,002420.SZ,20180212,4.23,4.33,4.17,4.28,4.25,0.03,0.71,28770.01,12284.817
751,002420.SZ,20180209,4.06,4.28,4.0,4.25,4.12,0.13,3.16,39972.09,16541.182
752,002420.SZ,20180208,4.03,4.19,4.03,4.12,4.04,0.08,1.98,29261.0,12096.635
753,002420.SZ,20180207,4.03,4.1,3.9,4.04,3.96,0.08,2.02,28404.0,11378.927
754,002420.SZ,20180206,4.18,4.18,3.91,3.96,4.24,-0.28,-6.6,41964.51,17230.7
755,002420.SZ,20180205,4.26,4.35,4.2,4.24,4.3,-0.06,-1.4,20568.0,8783.944
756,002420.SZ,20180202,4.34,4.36,4.15,4.3,4.39,-0.09,-2.05,25893.65,11034.885
757,002420.SZ,20180201,4.68,4.7,4.3,4.39,4.68,-0.29,-6.2,53827.0,24153.04
758,002420.SZ,20180131,4.9,4.9,4.64,4.68,4.98,-0.3,-6.02,50439.75,24081.307
759,002420.SZ,20180130,5.05,5.05,4.97,4.98,5.03,-0.05,-0.99,20186.35,10088.152
760,002420.SZ,20180129,5.11,5.14,5.02,5.03,5.12,-0.09,-1.76,18821.1,9541.261
761,002420.SZ,20180126,5.12,5.19,5.1,5.12,5.15,-0.03,-0.58,18748.1,9614.219
762,002420.SZ,20180125,5.14,5.2,5.12,5.15,5.13,0.02,0.39,24554.81,12670.927
763,002420.SZ,20180124,5.13,5.15,5.07,5.13,5.14,-0.01,-0.19,19645.36,10046.143
764,002420.SZ,20180123,5.12,5.14,5.08,5.14,5.12,0.02,0.39,22449.0,11483.925
765,002420.SZ,20180122,5.06,5.16,5.03,5.12,5.1,0.02,0.39,21139.01,10778.377
766,002420.SZ,20180119,5.07,5.15,5.05,5.1,5.07,0.03,0.59,19985.01,10205.306
767,002420.SZ,20180118,5.06,5.14,5.06,5.07,5.09,-0.02,-0.39,13408.0,6831.279
768,002420.SZ,20180117,5.08,5.1,5.0,5.09,5.1,-0.01,-0.2,13616.3,6875.444
769,002420.SZ,20180116,5.03,5.11,5.0,5.1,5.03,0.07,1.39,19384.0,9812.17
770,002420.SZ,20180115,5.24,5.24,5.02,5.03,5.23,-0.2,-3.82,23823.0,12258.139
771,002420.SZ,20180112,5.3,5.38,5.23,5.23,5.31,-0.08,-1.51,33474.0,17768.354
772,002420.SZ,20180111,5.21,5.33,5.18,5.31,5.23,0.08,1.53,21479.45,11319.574
773,002420.SZ,20180110,5.31,5.31,5.19,5.23,5.31,-0.08,-1.51,17039.0,8955.728
774,002420.SZ,20180109,5.31,5.38,5.29,5.31,5.33,-0.02,-0.38,23695.0,12653.144
775,002420.SZ,20180108,5.37,5.37,5.29,5.33,5.38,-0.05,-0.93,13549.03,7212.283
776,002420.SZ,20180105,5.35,5.38,5.32,5.38,5.35,0.03,0.56,19010.24,10193.329
777,002420.SZ,20180104,5.34,5.38,5.3,5.35,5.35,0.0,0.0,16839.19,9001.7
778,002420.SZ,20180103,5.29,5.35,5.27,5.35,5.28,0.07,1.33,24906.4,13231.996
779,002420.SZ,20180102,5.26,5.32,5.22,5.28,5.27,0.01,0.19,21430.9,11300.377
780,002420.SZ,20171229,5.2,5.28,5.19,5.27,5.21,0.06,1.15,11974.35,6272.304
781,002420.SZ,20171228,5.2,5.25,5.13,5.21,5.22,-0.01,-0.19,17809.71,9286.964
782,002420.SZ,20171227,5.16,5.23,5.16,5.22,5.18,0.04,0.77,16496.0,8575.807
783,002420.SZ,20171226,5.1,5.2,5.05,5.18,5.1,0.08,1.57,21076.0,10826.891
784,002420.SZ,20171225,5.2,5.22,5.07,5.1,5.2,-0.1,-1.92,26604.58,13645.273
785,002420.SZ,20171222,5.25,5.27,5.2,5.2,5.26,-0.06,-1.14,17842.6,9349.519
786,002420.SZ,20171221,5.24,5.29,5.16,5.26,5.29,-0.03,-0.57,25762.71,13458.808
787,002420.SZ,20171220,5.4,5.4,5.27,5.29,5.38,-0.09,-1.67,15054.0,8007.312
788,002420.SZ,20171219,5.27,5.45,5.26,5.38,5.28,0.1,1.89,18240.02,9759.289
789,002420.SZ,20171218,5.35,5.38,5.26,5.28,5.38,-0.1,-1.86,19291.0,10257.804
790,002420.SZ,20171215,5.35,5.4,5.29,5.38,5.36,0.02,0.37,20299.5,10852.887
791,002420.SZ,20171214,5.31,5.38,5.3,5.36,5.33,0.03,0.56,17811.67,9515.276
792,002420.SZ,20171213,5.27,5.36,5.26,5.33,5.29,0.04,0.76,20530.94,10929.73
793,002420.SZ,20171212,5.38,5.4,5.28,5.29,5.38,-0.09,-1.67,17125.0,9140.566
794,002420.SZ,20171211,5.34,5.38,5.31,5.38,5.34,0.04,0.75,12232.51,6550.12
795,002420.SZ,20171208,5.27,5.37,5.25,5.34,5.27,0.07,1.33,18877.0,10076.617
796,002420.SZ,20171207,5.26,5.36,5.24,5.27,5.29,-0.02,-0.38,21935.84,11573.907
797,002420.SZ,20171206,5.22,5.3,5.18,5.29,5.22,0.07,1.34,18338.0,9603.6
798,002420.SZ,20171205,5.43,5.49,5.17,5.22,5.47,-0.25,-4.57,41078.0,21813.538
799,002420.SZ,20171204,5.59,5.61,5.46,5.47,5.6,-0.13,-2.32,25926.0,14336.569
800,002420.SZ,20171201,5.59,5.61,5.5,5.6,5.59,0.01,0.18,20759.0,11564.541
801,002420.SZ,20171130,5.57,5.61,5.53,5.59,5.59,0.0,0.0,12683.91,7069.089
802,002420.SZ,20171129,5.59,5.62,5.54,5.59,5.6,-0.01,-0.18,15661.01,8723.422
803,002420.SZ,20171128,5.47,5.6,5.47,5.6,5.49,0.11,2.0,22757.0,12621.724
804,002420.SZ,20171127,5.5,5.61,5.43,5.49,5.53,-0.04,-0.72,22871.0,12630.6
805,002420.SZ,20171124,5.46,5.56,5.41,5.53,5.5,0.03,0.55,24210.23,13359.976
806,002420.SZ,20171123,5.64,5.69,5.5,5.5,5.71,-0.21,-3.68,45204.0,25245.328
807,002420.SZ,20171122,5.77,5.77,5.4,5.71,5.85,-0.14,-2.39,84836.21,47827.236
808,002420.SZ,20171121,5.9,6.11,5.82,5.85,5.62,0.23,4.09,161505.29,96032.647
809,002420.SZ,20171120,5.58,5.62,5.34,5.62,5.62,0.0,0.0,23090.51,12743.6
810,002420.SZ,20171117,5.98,5.99,5.57,5.62,5.95,-0.33,-5.55,47724.1,27340.629
811,002420.SZ,20171116,5.95,6.01,5.91,5.95,5.98,-0.03,-0.5,14543.8,8679.694
812,002420.SZ,20171115,5.96,6.01,5.91,5.98,5.98,0.0,0.0,19931.27,11859.281
813,002420.SZ,20171114,6.09,6.09,5.92,5.98,6.07,-0.09,-1.48,27047.22,16215.955
814,002420.SZ,20171113,6.09,6.16,6.02,6.07,6.07,0.0,0.0,24625.74,14976.178
815,002420.SZ,20171110,6.08,6.1,6.05,6.07,6.08,-0.01,-0.16,15851.0,9623.756
816,002420.SZ,20171109,6.05,6.1,6.03,6.08,6.03,0.05,0.83,13768.74,8344.188
817,002420.SZ,20171108,6.0,6.1,5.97,6.03,6.0,0.03,0.5,18825.02,11378.839
818,002420.SZ,20171107,5.95,6.01,5.91,6.0,5.97,0.03,0.5,19748.5,11761.426
819,002420.SZ,20171106,5.83,5.98,5.83,5.97,5.88,0.09,1.53,22911.01,13511.016
820,002420.SZ,20171103,5.96,5.99,5.86,5.88,5.95,-0.07,-1.18,20990.0,12452.775
821,002420.SZ,20171102,6.11,6.14,5.93,5.95,6.18,-0.23,-3.72,57263.43,34543.582
822,002420.SZ,20171101,6.21,6.25,6.17,6.18,6.24,-0.06,-0.96,29555.41,18373.75
823,002420.SZ,20171031,6.29,6.29,6.14,6.24,6.55,-0.31,-4.73,48874.02,30445.185
824,002420.SZ,20171027,6.6,6.62,6.53,6.55,6.61,-0.06,-0.91,27378.0,17975.548
825,002420.SZ,20171026,6.63,6.65,6.57,6.61,6.61,0.0,0.0,24186.01,15987.471
826,002420.SZ,20171025,6.55,6.63,6.55,6.61,6.59,0.02,0.3,12573.39,8291.4
827,002420.SZ,20171024,6.64,6.67,6.54,6.59,6.64,-0.05,-0.75,13879.01,9163.084
828,002420.SZ,20171023,6.68,6.74,6.59,6.64,6.68,-0.04,-0.6,24489.01,16265.602
829,002420.SZ,20171020,6.54,6.7,6.49,6.68,6.53,0.15,2.3,17423.3,11522.193
830,002420.SZ,20171019,6.63,6.67,6.47,6.53,6.67,-0.14,-2.1,30873.0,20284.731
831,002420.SZ,20171018,6.73,6.78,6.67,6.67,6.73,-0.06,-0.89,18002.48,12121.353
832,002420.SZ,20171017,6.64,6.78,6.64,6.73,6.68,0.05,0.75,20494.99,13745.538
833,002420.SZ,20171016,7.0,7.0,6.66,6.68,7.1,-0.42,-5.92,70771.43,48096.368
834,002420.SZ,20171013,7.04,7.1,7.02,7.1,7.08,0.02,0.28,18102.15,12806.116
835,002420.SZ,20171012,7.0,7.08,6.92,7.08,7.0,0.08,1.14,25645.18,18011.956
836,002420.SZ,20171011,7.02,7.11,6.99,7.0,7.0,0.0,0.0,27719.85,19581.277
837,002420.SZ,20171010,6.95,7.02,6.92,7.0,6.92,0.08,1.16,18392.52,12823.795
838,002420.SZ,20171009,6.89,6.94,6.87,6.92,6.83,0.09,1.32,20996.62,14495.942
839,002420.SZ,20170929,6.77,6.85,6.72,6.83,6.73,0.1,1.49,19407.49,13176.141
840,002420.SZ,20170928,6.85,6.85,6.73,6.73,6.83,-0.1,-1.46,20409.91,13838.988
841,002420.SZ,20170927,6.75,6.85,6.73,6.83,6.76,0.07,1.04,13950.91,9488.969
842,002420.SZ,20170926,6.85,6.85,6.74,6.76,6.89,-0.13,-1.89,27958.0,19001.095
843,002420.SZ,20170925,6.93,7.0,6.89,6.89,6.96,-0.07,-1.01,18439.72,12782.603
844,002420.SZ,20170922,7.02,7.03,6.92,6.96,7.04,-0.08,-1.14,20162.82,14056.736
845,002420.SZ,20170921,7.11,7.15,7.03,7.04,7.1,-0.06,-0.85,19817.84,14066.652
846,002420.SZ,20170920,7.08,7.11,7.02,7.1,7.05,0.05,0.71,19676.5,13915.142
847,002420.SZ,20170919,7.08,7.14,7.03,7.05,7.1,-0.05,-0.7,18707.01,13261.597
848,002420.SZ,20170918,7.03,7.1,7.01,7.1,7.05,0.05,0.71,16801.81,11865.774
849,002420.SZ,20170915,7.12,7.12,7.02,7.05,7.13,-0.08,-1.12,17263.44,12201.613
850,002420.SZ,20170914,7.08,7.17,7.07,7.13,7.11,0.02,0.28,22478.94,16014.006
851,002420.SZ,20170913,7.07,7.11,7.04,7.11,7.07,0.04,0.57,17417.47,12336.055
852,002420.SZ,20170912,7.09,7.15,7.04,7.07,7.11,-0.04,-0.56,30515.96,21674.983
853,002420.SZ,20170911,7.01,7.11,7.01,7.11,7.02,0.09,1.28,28994.44,20497.04
854,002420.SZ,20170908,7.05,7.09,7.0,7.02,7.05,-0.03,-0.43,19843.31,13969.744
855,002420.SZ,20170907,7.15,7.17,7.02,7.05,7.15,-0.1,-1.4,30557.82,21662.656
856,002420.SZ,20170906,7.1,7.18,7.04,7.15,7.1,0.05,0.7,33858.01,24156.954
857,002420.SZ,20170905,7.0,7.17,7.0,7.1,7.0,0.1,1.43,39476.81,28031.518
858,002420.SZ,20170904,6.93,7.09,6.92,7.0,6.95,0.05,0.72,40692.67,28549.893
859,002420.SZ,20170901,6.93,6.97,6.89,6.95,6.92,0.03,0.43,27078.91,18750.795
860,002420.SZ,20170831,6.94,6.95,6.89,6.92,6.92,0.0,0.0,32039.4,22156.659
861,002420.SZ,20170830,6.93,6.95,6.87,6.92,6.92,0.0,0.0,24513.22,16975.517
862,002420.SZ,20170829,6.92,6.97,6.89,6.92,6.93,-0.01,-0.14,25098.4,17374.331
863,002420.SZ,20170828,6.85,6.94,6.83,6.93,6.85,0.08,1.17,30953.86,21350.884
864,002420.SZ,20170825,6.79,6.87,6.76,6.85,6.79,0.06,0.88,23836.54,16316.868
865,002420.SZ,20170824,6.8,6.82,6.76,6.79,6.8,-0.01,-0.15,15344.0,10414.465
866,002420.SZ,20170823,6.82,6.85,6.76,6.8,6.82,-0.02,-0.29,24832.89,16898.611
867,002420.SZ,20170822,6.9,6.93,6.82,6.82,6.88,-0.06,-0.87,21261.41,14616.523
868,002420.SZ,20170821,6.8,6.94,6.8,6.88,6.83,0.05,0.73,22117.45,15260.362
869,002420.SZ,20170818,6.81,6.86,6.79,6.83,6.85,-0.02,-0.29,25743.0,17580.403
870,002420.SZ,20170817,6.77,6.87,6.75,6.85,6.76,0.09,1.33,34171.0,23276.591
871,002420.SZ,20170816,6.7,6.8,6.68,6.76,6.69,0.07,1.05,29362.0,19783.832
872,002420.SZ,20170815,6.69,6.71,6.64,6.69,6.68,0.01,0.15,23549.01,15725.03
873,002420.SZ,20170814,6.58,6.69,6.56,6.68,6.6,0.08,1.21,39601.86,26283.289
874,002420.SZ,20170811,6.73,6.73,6.6,6.6,6.75,-0.15,-2.22,24359.85,16180.184
875,002420.SZ,20170810,6.76,6.85,6.7,6.75,6.75,0.0,0.0,35643.0,24135.362
876,002420.SZ,20170809,6.73,6.78,6.68,6.75,6.73,0.02,0.3,24733.0,16662.61
877,002420.SZ,20170808,6.77,6.77,6.67,6.73,6.78,-0.05,-0.74,29028.0,19479.746
878,002420.SZ,20170807,6.78,6.81,6.71,6.78,6.78,0.0,0.0,34247.74,23143.851
879,002420.SZ,20170804,6.8,6.89,6.78,6.78,6.8,-0.02,-0.29,31140.99,21292.189
880,002420.SZ,20170803,6.79,6.83,6.75,6.8,6.8,0.0,0.0,31308.61,21261.315
881,002420.SZ,20170802,6.8,6.84,6.73,6.8,6.8,0.0,0.0,31944.61,21712.878
882,002420.SZ,20170801,6.75,6.81,6.71,6.8,6.73,0.07,1.04,29753.56,20139.267
883,002420.SZ,20170731,6.7,6.75,6.65,6.73,6.73,0.0,0.0,25844.0,17334.299
884,002420.SZ,20170728,6.75,6.79,6.7,6.73,6.74,-0.01,-0.15,29729.0,20047.321
885,002420.SZ,20170727,6.62,6.78,6.59,6.74,6.63,0.11,1.66,32686.1,21857.325
886,002420.SZ,20170726,6.65,6.69,6.6,6.63,6.64,-0.01,-0.15,23756.5,15763.587
887,002420.SZ,20170725,6.63,6.72,6.6,6.64,6.63,0.01,0.15,20827.3,13874.438
888,002420.SZ,20170724,6.64,6.68,6.58,6.63,6.63,0.0,0.0,24775.78,16434.856
889,002420.SZ,20170721,6.67,6.71,6.62,6.63,6.66,-0.03,-0.45,20416.01,13581.825
890,002420.SZ,20170720,6.59,6.76,6.59,6.66,6.59,0.07,1.06,29418.85,19691.604
891,002420.SZ,20170719,6.52,6.62,6.45,6.59,6.52,0.07,1.07,37972.82,24778.064
892,002420.SZ,20170718,6.42,6.56,6.38,6.52,6.43,0.09,1.4,39908.59,25873.296
893,002420.SZ,20170717,6.88,6.89,6.43,6.43,6.92,-0.49,-7.08,81869.83,53913.38
894,002420.SZ,20170714,6.95,7.05,6.9,6.92,7.07,-0.15,-2.12,96084.4,66898.303
895,002420.SZ,20170713,6.96,7.32,6.96,7.07,7.62,-0.55,-7.22,210189.81,149594.084
896,002420.SZ,20170712,8.41,8.46,7.62,7.62,8.47,-0.85,-10.04,179147.92,139175.116
897,002420.SZ,20170711,8.51,8.7,8.38,8.47,8.9,-0.43,-4.83,162506.2,138596.698
898,002420.SZ,20170710,8.43,8.9,8.33,8.9,8.43,0.47,5.58,38872.94,33185.654
899,002420.SZ,20170707,8.38,8.55,8.29,8.43,8.38,0.05,0.6,63097.9,53368.18
900,002420.SZ,20170706,8.45,8.45,8.34,8.38,8.45,-0.07,-0.83,33855.0,28351.688
901,002420.SZ,20170705,8.45,8.57,8.38,8.45,8.45,0.0,0.0,76605.37,64930.118
902,002420.SZ,20170704,8.4,8.53,8.35,8.45,8.4,0.05,0.6,38409.81,32331.081
903,002420.SZ,20170703,8.38,8.46,8.35,8.4,8.41,-0.01,-0.12,21838.0,18314.401
904,002420.SZ,20170630,8.4,8.47,8.36,8.41,8.43,-0.02,-0.24,22549.93,18932.418
905,002420.SZ,20170629,8.5,8.54,8.37,8.43,8.51,-0.08,-0.94,53106.01,44759.365
906,002420.SZ,20170628,8.17,8.64,8.13,8.51,8.19,0.32,3.91,148560.69,124984.634
907,002420.SZ,20170627,8.26,8.42,8.1,8.19,8.29,-0.1,-1.21,66644.72,55024.11
908,002420.SZ,20170626,8.38,8.45,8.2,8.29,8.33,-0.04,-0.48,74637.94,62069.772
909,002420.SZ,20170623,8.16,8.44,8.03,8.33,8.19,0.14,1.71,79183.17,65300.556
910,002420.SZ,20170622,8.38,8.42,8.18,8.19,8.4,-0.21,-2.5,41576.05,34354.395
911,002420.SZ,20170621,8.33,8.62,8.3,8.4,8.34,0.06,0.72,81329.79,68896.326
912,002420.SZ,20170620,8.32,8.36,8.12,8.34,8.35,-0.01,-0.12,88477.85,72796.547
913,002420.SZ,20170619,8.39,8.47,8.29,8.35,8.38,-0.03,-0.36,28036.99,23416.446
914,002420.SZ,20170616,8.37,8.43,8.27,8.38,8.37,0.01,0.12,28859.02,24119.217
915,002420.SZ,20170615,8.34,8.47,8.25,8.37,8.29,0.08,0.97,48730.39,40722.549
916,002420.SZ,20170614,8.3,8.35,8.19,8.29,8.33,-0.04,-0.48,46373.81,38369.805
917,002420.SZ,20170613,8.44,8.56,8.1,8.33,8.51,-0.18,-2.12,125237.65,103823.939
918,002420.SZ,20170612,8.46,8.76,8.43,8.51,8.51,0.0,0.0,248743.92,214227.325
919,002420.SZ,20170609,8.53,8.7,8.41,8.51,8.53,-0.02,-0.23,124627.26,106461.609
920,002420.SZ,20170608,8.6,8.65,8.46,8.53,8.74,-0.21,-2.4,178291.94,152026.607
921,002420.SZ,20170607,8.0,8.76,7.91,8.74,7.96,0.78,9.8,318771.69,273654.616
922,002420.SZ,20170606,7.92,7.97,7.8,7.96,7.92,0.04,0.51,19059.8,15030.282
923,002420.SZ,20170605,7.72,7.96,7.7,7.92,7.78,0.14,1.8,23177.9,18225.45
924,002420.SZ,20170602,7.87,7.87,7.48,7.78,7.8,-0.02,-0.26,57505.74,43916.577
925,002420.SZ,20170601,8.12,8.26,7.77,7.8,8.14,-0.34,-4.18,48565.13,38660.916
926,002420.SZ,20170531,8.23,8.37,8.1,8.14,8.1,0.04,0.49,56644.81,46588.975
927,002420.SZ,20170526,8.02,8.12,7.9,8.1,8.05,0.05,0.62,42865.27,34320.287
928,002420.SZ,20170525,7.92,8.1,7.87,8.05,7.96,0.09,1.13,51392.42,41000.513
929,002420.SZ,20170524,7.64,7.98,7.5,7.96,7.62,0.34,4.46,66429.39,51782.214
930,002420.SZ,20170523,7.7,7.75,7.45,7.62,7.67,-0.05,-0.65,63639.48,48655.812
931,002420.SZ,20170522,7.51,7.7,7.32,7.67,7.47,0.2,2.68,70300.09,53000.671
932,002420.SZ,20170519,7.49,7.58,7.46,7.47,7.53,-0.06,-0.8,17246.72,12934.389
933,002420.SZ,20170518,7.54,7.67,7.48,7.53,7.58,-0.05,-0.66,20678.73,15630.04
934,002420.SZ,20170517,7.55,7.71,7.48,7.58,7.53,0.05,0.66,36648.2,27854.092
935,002420.SZ,20170516,7.31,7.54,7.24,7.53,7.3,0.23,3.15,32530.72,24097.879
936,002420.SZ,20170515,7.35,7.38,7.27,7.3,7.35,-0.05,-0.68,18799.61,13756.53
937,002420.SZ,20170512,7.42,7.45,7.28,7.35,7.42,-0.07,-0.94,18835.8,13827.653
938,002420.SZ,20170511,7.59,7.59,7.15,7.42,7.56,-0.14,-1.85,35293.12,26005.074
939,002420.SZ,20170510,7.63,7.76,7.53,7.56,7.63,-0.07,-0.92,29022.03,22252.5
940,002420.SZ,20170509,7.45,7.64,7.45,7.63,7.5,0.13,1.73,28215.24,21339.696
941,002420.SZ,20170508,7.65,7.68,7.45,7.5,7.7,-0.2,-2.6,35153.18,26510.156
942,002420.SZ,20170505,7.83,7.85,7.7,7.7,7.79,-0.09,-1.16,21785.28,16949.71
943,002420.SZ,20170504,7.81,7.89,7.72,7.79,7.77,0.02,0.26,30182.82,23584.444
944,002420.SZ,20170503,7.85,7.91,7.7,7.77,7.84,-0.07,-0.89,37628.38,29288.46
945,002420.SZ,20170502,7.96,7.99,7.78,7.84,7.95,-0.11,-1.38,36326.83,28655.87
946,002420.SZ,20170428,7.97,8.15,7.91,7.95,7.94,0.01,0.13,42222.43,33839.764
947,002420.SZ,20170427,7.85,8.02,7.71,7.94,7.91,0.03,0.38,38048.94,29958.455
948,002420.SZ,20170426,7.63,7.97,7.63,7.91,7.65,0.26,3.4,44852.56,35089.103
949,002420.SZ,20170425,7.62,7.79,7.56,7.65,7.59,0.06,0.79,26855.66,20626.559
950,002420.SZ,20170424,8.0,8.0,7.59,7.59,7.97,-0.38,-4.77,33992.69,26233.941
951,002420.SZ,20170421,7.87,8.02,7.87,7.97,7.85,0.12,1.53,29032.47,23116.144
952,002420.SZ,20170420,8.0,8.06,7.82,7.85,7.97,-0.12,-1.51,39782.06,31532.756
953,002420.SZ,20170419,8.24,8.25,7.91,7.97,8.25,-0.28,-3.39,55158.55,44274.017
954,002420.SZ,20170418,8.33,8.49,8.19,8.25,8.45,-0.2,-2.37,48839.77,40824.536
955,002420.SZ,20170417,8.92,8.96,8.3,8.45,8.98,-0.53,-5.9,60935.24,52498.731
956,002420.SZ,20170414,8.93,9.0,8.86,8.98,8.91,0.07,0.79,36535.53,32595.081
957,002420.SZ,20170413,8.94,8.98,8.88,8.91,8.92,-0.01,-0.11,29747.99,26551.473
958,002420.SZ,20170412,8.88,9.1,8.85,8.92,8.92,0.0,0.0,39182.81,35209.363
959,002420.SZ,20170411,8.9,8.98,8.7,8.92,8.9,0.02,0.22,45707.45,40451.279
960,002420.SZ,20170410,9.12,9.18,8.86,8.9,9.12,-0.22,-2.41,53863.66,48494.106
961,002420.SZ,20170407,9.14,9.16,9.07,9.12,9.14,-0.02,-0.22,27119.43,24724.924
962,002420.SZ,20170406,9.0,9.21,8.97,9.14,9.0,0.14,1.56,81135.62,74149.278
963,002420.SZ,20170405,8.93,9.03,8.9,9.0,8.9,0.1,1.12,51587.64,46247.013
964,002420.SZ,20170331,9.04,9.08,8.76,8.9,9.04,-0.14,-1.55,68350.07,60879.654
965,002420.SZ,20170330,9.22,9.24,9.0,9.04,9.2,-0.16,-1.74,52945.6,48174.362
966,002420.SZ,20170329,9.44,9.49,9.19,9.2,9.44,-0.24,-2.54,60213.22,56043.495
967,002420.SZ,20170328,9.55,9.55,9.42,9.44,9.51,-0.07,-0.74,34607.66,32794.362
968,002420.SZ,20170327,9.54,9.62,9.5,9.51,9.57,-0.06,-0.63,38720.56,37015.301
969,002420.SZ,20170324,9.56,9.63,9.51,9.57,9.56,0.01,0.1,30868.63,29505.327
970,002420.SZ,20170323,9.64,9.75,9.5,9.56,9.65,-0.09,-0.93,44031.98,42273.723
971,002420.SZ,20170322,9.66,9.69,9.51,9.65,9.68,-0.03,-0.31,42203.37,40596.263
972,002420.SZ,20170321,9.68,9.76,9.6,9.68,9.73,-0.05,-0.51,53822.68,52030.498
973,002420.SZ,20170320,9.65,9.82,9.63,9.73,9.71,0.02,0.21,57795.0,56083.664
974,002420.SZ,20170317,9.95,9.95,9.7,9.71,9.99,-0.28,-2.8,145961.52,143757.594
975,002420.SZ,20170316,10.03,10.17,9.93,9.99,10.1,-0.11,-1.09,197410.06,198049.046
976,002420.SZ,20170315,9.6,10.14,9.55,10.1,9.6,0.5,5.21,220269.83,218986.986
977,002420.SZ,20170314,9.72,9.77,9.59,9.6,9.71,-0.11,-1.13,58360.45,56442.576
978,002420.SZ,20170313,9.8,9.85,9.57,9.71,9.81,-0.1,-1.02,45645.27,44256.7
979,002420.SZ,20170310,9.71,9.84,9.69,9.81,9.71,0.1,1.03,42024.61,41022.614
980,002420.SZ,20170309,9.73,9.8,9.67,9.71,9.77,-0.06,-0.61,38893.85,37874.42
981,002420.SZ,20170308,9.74,9.82,9.66,9.77,9.76,0.01,0.1,35113.14,34216.112
982,002420.SZ,20170307,9.82,9.87,9.74,9.76,9.82,-0.06,-0.61,44337.12,43459.163
983,002420.SZ,20170306,9.73,9.84,9.66,9.82,9.72,0.1,1.03,37080.76,36336.811
984,002420.SZ,20170303,9.69,9.75,9.65,9.72,9.69,0.03,0.31,19962.58,19351.628
985,002420.SZ,20170302,9.76,9.79,9.67,9.69,9.72,-0.03,-0.31,29664.22,28900.554
986,002420.SZ,20170301,9.64,9.76,9.6,9.72,9.64,0.08,0.83,54279.43,52655.887
987,002420.SZ,20170228,9.66,9.7,9.55,9.64,9.66,-0.02,-0.21,48343.46,46490.625
988,002420.SZ,20170227,9.83,9.84,9.66,9.66,9.83,-0.17,-1.73,54195.5,52718.281
989,002420.SZ,20170224,9.85,9.9,9.73,9.83,9.85,-0.02,-0.2,50136.18,49192.224
990,002420.SZ,20170223,9.77,9.92,9.7,9.85,9.76,0.09,0.92,71305.4,70241.965
991,002420.SZ,20170222,9.69,9.8,9.69,9.76,9.71,0.05,0.51,59881.52,58322.999
992,002420.SZ,20170221,9.64,9.76,9.61,9.71,9.63,0.08,0.83,51051.04,49503.455
993,002420.SZ,20170220,9.53,9.69,9.5,9.63,9.56,0.07,0.73,43647.88,41816.119
994,002420.SZ,20170217,9.7,9.72,9.44,9.56,9.7,-0.14,-1.44,47057.7,45138.904
995,002420.SZ,20170216,9.62,9.75,9.59,9.7,9.66,0.04,0.41,28437.5,27533.074
996,002420.SZ,20170215,9.71,9.77,9.62,9.66,9.76,-0.1,-1.02,37495.2,36399.236
997,002420.SZ,20170214,9.88,9.92,9.69,9.76,9.88,-0.12,-1.21,48621.26,47500.657
998,002420.SZ,20170213,9.76,9.9,9.76,9.88,9.79,0.09,0.92,39203.55,38528.395
999,002420.SZ,20170210,9.79,9.84,9.73,9.79,9.79,0.0,0.0,41593.94,40710.428
1000,002420.SZ,20170209,9.75,9.84,9.75,9.79,9.78,0.01,0.1,38766.56,37941.543
1001,002420.SZ,20170208,9.86,9.86,9.68,9.78,9.83,-0.05,-0.51,37194.7,36243.351
1002,002420.SZ,20170207,9.62,9.87,9.58,9.83,9.64,0.19,1.97,70820.71,69223.236
1003,002420.SZ,20170206,9.64,9.67,9.52,9.64,9.64,0.0,0.0,44914.18,43051.582
1004,002420.SZ,20170203,9.64,9.69,9.51,9.64,9.64,0.0,0.0,16136.44,15464.027
1005,002420.SZ,20170126,9.64,9.69,9.59,9.64,9.62,0.02,0.21,43488.56,41974.251
1006,002420.SZ,20170125,9.57,9.67,9.53,9.62,9.62,0.0,0.0,18985.02,18256.008
1007,002420.SZ,20170124,9.79,9.79,9.54,9.62,9.8,-0.18,-1.84,41007.1,39485.684
1008,002420.SZ,20170123,9.77,9.94,9.65,9.8,9.82,-0.02,-0.2,91336.24,89095.694
1009,002420.SZ,20170120,9.43,9.83,9.43,9.82,9.58,0.24,2.51,56776.31,54619.76
1010,002420.SZ,20170119,9.68,9.68,9.38,9.58,9.75,-0.17,-1.74,38935.75,36940.258
1011,002420.SZ,20170118,9.7,9.79,9.61,9.75,9.69,0.06,0.62,24094.47,23338.795
1012,002420.SZ,20170117,9.4,9.85,9.27,9.69,9.49,0.2,2.11,39401.6,37424.511
1013,002420.SZ,20170116,10.03,10.04,9.14,9.49,10.14,-0.65,-6.41,74874.77,71637.994
1014,002420.SZ,20170113,10.01,10.19,9.87,10.14,10.02,0.12,1.2,54818.32,54896.697
1015,002420.SZ,20170112,9.95,10.06,9.79,10.02,9.92,0.1,1.01,49019.61,48549.611
1016,002420.SZ,20170111,10.25,10.27,9.91,9.92,10.25,-0.33,-3.22,57959.35,58360.227
1017,002420.SZ,20170110,10.24,10.34,10.21,10.25,10.29,-0.04,-0.39,30594.85,31402.468
1018,002420.SZ,20170109,10.25,10.36,10.13,10.29,10.28,0.01,0.1,45485.45,46533.372
1019,002420.SZ,20170106,10.42,10.5,10.23,10.28,10.52,-0.24,-2.28,47674.73,49447.516
1020,002420.SZ,20170105,10.28,10.55,10.21,10.52,10.28,0.24,2.33,72397.51,75493.945
1021,002420.SZ,20170104,10.17,10.33,10.16,10.28,10.25,0.03,0.29,52250.87,53668.892
1022,002420.SZ,20170103,10.04,10.3,10.03,10.25,10.09,0.16,1.59,60711.19,62027.901
1023,002420.SZ,20161230,10.09,10.17,9.98,10.09,10.09,0.0,0.0,26321.01,26497.151
1024,002420.SZ,20161229,10.07,10.19,9.98,10.09,10.06,0.03,0.3,27128.39,27365.658
1025,002420.SZ,20161228,9.98,10.16,9.95,10.06,9.98,0.08,0.8,30955.54,31067.877
1026,002420.SZ,20161227,9.99,10.05,9.93,9.98,9.99,-0.01,-0.1,25714.3,25685.223
1027,002420.SZ,20161226,9.83,10.04,9.81,9.99,9.9,0.09,0.91,24045.64,23877.169
1028,002420.SZ,20161223,9.9,10.03,9.78,9.9,9.94,-0.04,-0.4,33421.7,33089.577
1029,002420.SZ,20161222,10.03,10.03,9.84,9.94,10.03,-0.09,-0.9,35325.81,35013.649
1030,002420.SZ,20161221,9.88,10.07,9.88,10.03,9.93,0.1,1.01,24323.46,24305.671
1031,002420.SZ,20161220,9.73,10.02,9.71,9.93,9.78,0.15,1.53,34758.54,34429.148
1032,002420.SZ,20161219,9.72,9.83,9.64,9.78,9.71,0.07,0.72,23893.33,23300.025
1033,002420.SZ,20161216,9.6,9.75,9.53,9.71,9.6,0.11,1.15,21065.13,20364.158
1034,002420.SZ,20161215,9.5,9.71,9.47,9.6,9.51,0.09,0.95,24527.14,23568.632
1035,002420.SZ,20161214,9.5,9.71,9.45,9.51,9.55,-0.04,-0.42,19336.34,18495.236
1036,002420.SZ,20161213,9.43,9.64,9.17,9.55,9.43,0.12,1.27,42662.3,40410.745
1037,002420.SZ,20161212,10.1,10.17,9.4,9.43,10.12,-0.69,-6.82,58966.83,57691.497
1038,002420.SZ,20161209,10.06,10.2,10.01,10.12,10.07,0.05,0.5,37532.95,37970.606
1039,002420.SZ,20161208,10.19,10.19,9.98,10.07,10.16,-0.09,-0.89,39020.88,39264.112
1040,002420.SZ,20161207,10.05,10.19,9.96,10.16,9.98,0.18,1.8,32594.71,32838.998
1041,002420.SZ,20161206,10.03,10.2,9.96,9.98,10.02,-0.04,-0.4,28424.03,28598.239
1042,002420.SZ,20161205,10.0,10.14,9.86,10.02,10.15,-0.13,-1.28,24733.76,24761.543
1043,002420.SZ,20161202,10.24,10.3,10.1,10.15,10.23,-0.08,-0.78,32400.0,33016.571
1044,002420.SZ,20161201,10.06,10.29,10.02,10.23,10.06,0.17,1.69,35956.84,36692.007
1045,002420.SZ,20161130,10.18,10.24,9.97,10.06,10.17,-0.11,-1.08,50696.7,51064.664
1046,002420.SZ,20161129,10.56,10.63,10.17,10.17,10.58,-0.41,-3.88,53048.41,54979.775
1047,002420.SZ,20161128,10.53,10.65,10.47,10.58,10.48,0.1,0.95,46447.33,49146.754
1048,002420.SZ,20161125,10.57,10.58,10.33,10.48,10.63,-0.15,-1.41,50565.16,52799.916
1049,002420.SZ,20161124,10.76,10.88,10.36,10.63,10.84,-0.21,-1.94,76432.49,81023.454
1050,002420.SZ,20161123,10.79,10.97,10.69,10.84,10.79,0.05,0.46,58676.44,63796.802
1051,002420.SZ,20161122,10.7,10.83,10.68,10.79,10.75,0.04,0.37,40708.72,43734.685
1052,002420.SZ,20161121,10.68,10.83,10.57,10.75,10.8,-0.05,-0.46,66598.6,71205.825
1053,002420.SZ,20161118,10.97,11.0,10.66,10.8,11.12,-0.32,-2.88,98696.63,106458.713
1054,002420.SZ,20161117,10.7,11.23,10.58,11.12,10.71,0.41,3.83,141553.96,155849.374
1055,002420.SZ,20161116,10.75,10.82,10.52,10.71,10.79,-0.08,-0.74,76811.72,81629.339
1056,002420.SZ,20161115,10.81,11.08,10.65,10.79,10.83,-0.04,-0.37,123377.71,133770.179
1057,002420.SZ,20161114,10.23,10.94,10.18,10.83,10.23,0.6,5.87,138409.47,147114.414
1058,002420.SZ,20161111,10.08,10.45,10.08,10.23,10.12,0.11,1.09,92093.85,94900.242
1059,002420.SZ,20161110,10.1,10.14,10.0,10.12,10.05,0.07,0.7,50537.16,50853.592
1060,002420.SZ,20161109,9.95,10.25,9.9,10.05,10.02,0.03,0.3,72489.32,73041.358
1061,002420.SZ,20161108,9.98,10.13,9.9,10.02,9.91,0.11,1.11,44239.96,44323.869
1062,002420.SZ,20161107,9.76,9.98,9.76,9.91,9.77,0.14,1.43,49275.04,48762.112
1063,002420.SZ,20161104,9.9,9.92,9.71,9.77,9.91,-0.14,-1.41,48745.77,47834.949
1064,002420.SZ,20161103,9.89,9.95,9.82,9.91,9.84,0.07,0.71,54048.77,53390.916
1065,002420.SZ,20161102,9.87,9.97,9.8,9.84,9.96,-0.12,-1.2,59740.37,58860.465
1066,002420.SZ,20161101,9.68,10.02,9.62,9.96,9.67,0.29,3.0,88831.14,87831.242
1067,002420.SZ,20161031,9.63,9.77,9.49,9.67,9.69,-0.02,-0.21,38091.16,36612.276
1068,002420.SZ,20161028,9.59,9.8,9.54,9.69,9.64,0.05,0.52,50554.95,48880.78
1069,002420.SZ,20161027,9.56,9.74,9.5,9.64,9.56,0.08,0.84,65974.52,63508.683
1070,002420.SZ,20161026,9.49,9.65,9.4,9.56,9.5,0.06,0.63,57592.72,54812.9501
1071,002420.SZ,20161025,9.53,9.53,9.42,9.5,9.49,0.01,0.11,38615.51,36581.9699
1072,002420.SZ,20161024,9.5,9.62,9.4,9.49,9.47,0.02,0.21,46685.24,44481.1159
1073,002420.SZ,20161021,9.52,9.58,9.32,9.47,9.55,-0.08,-0.84,39352.63,37182.5046
1074,002420.SZ,20161020,9.57,9.62,9.44,9.55,9.56,-0.01,-0.1,51545.79,49061.3347
1075,002420.SZ,20161019,9.33,9.56,9.27,9.56,9.33,0.23,2.47,68389.51,64576.6524
1076,002420.SZ,20161018,9.2,9.38,9.18,9.33,9.2,0.13,1.41,40478.64,37636.2427
1077,002420.SZ,20161017,9.3,9.38,9.19,9.2,9.33,-0.13,-1.39,42803.82,39773.9822
1078,002420.SZ,20161014,9.44,9.49,9.21,9.33,9.45,-0.12,-1.27,57133.94,53427.4675
1079,002420.SZ,20161013,9.36,9.47,9.32,9.45,9.36,0.09,0.96,40641.44,38194.0764
1080,002420.SZ,20161012,9.38,9.41,9.27,9.36,9.41,-0.05,-0.53,48378.51,45202.1853
1081,002420.SZ,20161011,9.4,9.54,9.32,9.41,9.4,0.01,0.11,66025.55,62165.9132
1082,002420.SZ,20161010,9.37,9.45,9.25,9.4,9.37,0.03,0.32,75373.69,70438.1644
1083,002420.SZ,20160930,9.22,9.47,9.18,9.37,9.3,0.07,0.75,52324.08,48879.8778
1084,002420.SZ,20160929,9.12,9.34,9.06,9.3,9.12,0.18,1.97,65886.65,60562.4592
1085,002420.SZ,20160928,9.23,9.34,9.12,9.12,9.3,-0.18,-1.94,54693.5,50336.4295
1086,002420.SZ,20160927,9.05,9.35,9.05,9.3,9.09,0.21,2.31,78152.49,71779.5293
1087,002420.SZ,20160926,9.03,9.39,8.98,9.09,9.01,0.08,0.89,108420.99,99787.9736
1088,002420.SZ,20160923,9.0,9.03,8.94,9.01,8.98,0.03,0.33,24649.85,22148.4686
1089,002420.SZ,20160922,9.0,9.14,8.93,8.98,8.95,0.03,0.34,31112.88,28059.3605
1090,002420.SZ,20160921,8.91,9.03,8.86,8.95,8.91,0.04,0.45,28406.3,25525.8684
1091,002420.SZ,20160920,8.85,9.06,8.83,8.91,8.84,0.07,0.79,37110.95,33244.9729
1092,002420.SZ,20160919,8.72,8.87,8.72,8.84,8.71,0.13,1.49,22044.97,19427.4313
1093,002420.SZ,20160914,8.67,8.76,8.6,8.71,8.69,0.02,0.23,21835.39,18997.1995
1094,002420.SZ,20160913,8.65,8.72,8.61,8.69,8.6,0.09,1.05,27501.06,23811.3308
1095,002420.SZ,20160912,8.9,8.9,8.6,8.6,9.02,-0.42,-4.66,47982.4,42038.2548
1096,002420.SZ,20160909,9.15,9.22,9.01,9.02,9.13,-0.11,-1.2,41546.56,37905.2557
1097,002420.SZ,20160908,9.03,9.2,9.03,9.13,9.05,0.08,0.88,40372.42,36879.2927
1098,002420.SZ,20160907,9.01,9.21,9.0,9.05,9.03,0.02,0.22,55964.92,50980.0719
1099,002420.SZ,20160906,8.93,9.04,8.83,9.03,8.93,0.1,1.12,51101.8,45707.7227
1100,002420.SZ,20160905,8.83,8.93,8.8,8.93,8.83,0.1,1.13,40226.94,35802.5987
1101,002420.SZ,20160902,8.83,8.86,8.76,8.83,8.79,0.04,0.46,30758.75,27098.1107
1102,002420.SZ,20160901,8.9,8.93,8.78,8.79,8.9,-0.11,-1.24,33351.7,29462.5906
1103,002420.SZ,20160831,8.92,8.95,8.84,8.9,8.9,0.0,0.0,32945.41,29323.4149
1104,002420.SZ,20160830,8.87,8.94,8.81,8.9,8.9,0.0,0.0,25423.22,22650.7961
1105,002420.SZ,20160829,8.79,8.97,8.75,8.9,8.83,0.07,0.79,30009.57,26633.9954
1106,002420.SZ,20160826,8.81,9.15,8.81,8.83,8.77,0.06,0.68,31246.88,27835.2493
1107,002420.SZ,20160825,8.85,8.86,8.69,8.77,8.86,-0.09,-1.02,24209.11,21178.9584
1108,002420.SZ,20160824,8.83,8.88,8.76,8.86,8.82,0.04,0.45,25833.42,22809.8175
1109,002420.SZ,20160823,8.8,8.89,8.76,8.82,8.81,0.01,0.11,17466.74,15423.6577
1110,002420.SZ,20160822,8.94,8.96,8.81,8.81,8.9,-0.09,-1.01,28381.57,25219.5233
1111,002420.SZ,20160819,8.85,8.95,8.8,8.9,8.84,0.06,0.68,23080.11,20507.0346
1112,002420.SZ,20160818,8.85,8.91,8.79,8.84,8.85,-0.01,-0.11,27749.08,24558.1623
1113,002420.SZ,20160817,8.84,8.93,8.8,8.85,8.8,0.05,0.57,26728.82,23697.1212
1114,002420.SZ,20160816,8.81,8.9,8.75,8.8,8.75,0.05,0.57,25694.1,22648.2662
1115,002420.SZ,20160815,8.63,8.79,8.6,8.75,8.57,0.18,2.1,29134.68,25404.5759
1116,002420.SZ,20160812,8.52,8.61,8.45,8.57,8.52,0.05,0.59,18378.62,15722.8971
1117,002420.SZ,20160811,8.6,8.63,8.51,8.52,8.6,-0.08,-0.93,17965.71,15382.4787
1118,002420.SZ,20160810,8.65,8.69,8.55,8.6,8.64,-0.04,-0.46,19258.33,16594.3253
1119,002420.SZ,20160809,8.51,8.68,8.48,8.64,8.5,0.14,1.65,36814.58,31684.118
1120,002420.SZ,20160808,8.37,8.52,8.37,8.5,8.45,0.05,0.59,26806.69,22679.3893
1121,002420.SZ,20160805,8.48,8.55,8.43,8.45,8.48,-0.03,-0.35,23025.28,19568.2055
1122,002420.SZ,20160804,8.49,8.5,8.41,8.48,8.48,0.0,0.0,28864.16,24420.1866
1123,002420.SZ,20160803,8.48,8.51,8.41,8.48,8.51,-0.03,-0.35,21597.9,18281.7529
1124,002420.SZ,20160802,8.48,8.53,8.37,8.51,8.55,-0.04,-0.47,31236.72,26389.0857
1125,002420.SZ,20160801,8.4,8.6,8.09,8.55,8.4,0.15,1.79,59490.02,49562.3162
1126,002420.SZ,20160729,8.53,8.64,8.35,8.4,8.53,-0.13,-1.52,30297.89,25632.7784
1127,002420.SZ,20160728,8.53,8.66,8.41,8.54,8.53,0.01,0.12,40866.39,34895.5232
1128,002420.SZ,20160727,9.16,9.19,8.48,8.53,9.16,-0.63,-6.88,76407.52,67376.0077
1129,002420.SZ,20160726,9.0,9.16,8.97,9.16,9.05,0.11,1.22,46312.51,42119.7245
1130,002420.SZ,20160725,9.11,9.11,8.93,9.05,9.08,-0.03,-0.33,45889.9,41476.8788
1131,002420.SZ,20160722,9.0,9.18,8.97,9.08,9.02,0.06,0.67,62618.14,56802.9452
1132,002420.SZ,20160721,8.93,9.04,8.87,9.02,8.9,0.12,1.35,43140.21,38716.4339
1133,002420.SZ,20160720,8.95,9.0,8.89,8.9,8.94,-0.04,-0.45,37511.73,33527.3692
1134,002420.SZ,20160719,8.84,8.96,8.83,8.94,8.84,0.1,1.13,35349.32,31438.9049
1135,002420.SZ,20160718,8.85,8.91,8.8,8.84,8.9,-0.06,-0.67,40418.82,35806.0665
1136,002420.SZ,20160715,8.96,8.97,8.78,8.9,9.1,-0.2,-2.2,94788.76,84102.489
1137,002420.SZ,20160714,9.03,9.19,9.0,9.1,9.0,0.1,1.11,76046.28,69229.9696
1138,002420.SZ,20160713,8.92,9.07,8.92,9.0,8.94,0.06,0.67,76688.04,69029.1168
1139,002420.SZ,20160712,8.9,9.02,8.67,8.94,8.9,0.04,0.45,67068.8,59315.8345
1140,002420.SZ,20160711,8.95,9.03,8.89,8.9,8.94,-0.04,-0.45,59554.84,53343.0007
1141,002420.SZ,20160708,8.9,9.23,8.85,8.94,8.93,0.01,0.11,48217.49,43239.6193
1142,002420.SZ,20160707,8.96,9.0,8.75,8.93,8.96,-0.03,-0.33,63155.85,56147.794
1143,002420.SZ,20160706,8.87,9.01,8.84,8.96,8.93,0.03,0.34,45985.77,41041.811
1144,002420.SZ,20160705,8.86,8.99,8.8,8.93,8.86,0.07,0.79,48291.1,42941.393
1145,002420.SZ,20160704,8.67,8.93,8.65,8.86,8.67,0.19,2.19,67107.08,59370.3821
1146,002420.SZ,20160701,8.69,8.83,8.64,8.67,8.7,-0.03,-0.34,48422.44,42279.3312
1147,002420.SZ,20160630,8.6,8.72,8.55,8.7,8.59,0.11,1.28,49657.29,43003.0492
1148,002420.SZ,20160629,8.65,8.68,8.55,8.59,8.61,-0.02,-0.23,58037.72,49904.5393
1149,002420.SZ,20160628,8.48,8.71,8.43,8.61,8.52,0.09,1.06,61221.35,52368.0069
1150,002420.SZ,20160627,8.2,8.54,8.2,8.52,8.3,0.22,2.65,48137.37,40622.0024
1151,002420.SZ,20160624,8.54,8.54,8.07,8.3,8.41,-0.11,-1.31,64345.24,53637.208
1152,002420.SZ,20160623,8.55,8.55,8.35,8.41,8.55,-0.14,-1.64,48934.19,41267.7582
1153,002420.SZ,20160622,8.38,8.57,8.33,8.55,8.38,0.17,2.03,42040.98,35510.0857
1154,002420.SZ,20160621,8.5,8.59,8.36,8.38,8.5,-0.12,-1.41,49310.32,41878.3367
1155,002420.SZ,20160620,8.67,8.67,8.33,8.5,8.67,-0.17,-1.96,52818.92,44562.771
1156,002420.SZ,20160617,8.68,8.88,8.61,8.67,8.65,0.02,0.23,37192.95,32513.6814
1157,002420.SZ,20160616,8.62,8.89,8.6,8.65,8.64,0.01,0.12,36734.81,32088.9626
1158,002420.SZ,20160615,8.3,8.67,8.26,8.64,8.37,0.27,3.23,39141.91,33480.6551
1159,002420.SZ,20160614,8.33,8.45,8.28,8.37,8.38,-0.01,-0.12,32031.52,26765.073
1160,002420.SZ,20160613,8.85,8.96,8.36,8.38,8.83,-0.45,-5.1,62206.21,54143.6941
1161,002420.SZ,20160608,8.77,8.93,8.63,8.83,8.83,0.0,0.0,53788.4,47215.0913
1162,002420.SZ,20160607,9.03,9.1,8.77,8.83,9.16,-0.33,-3.6,114799.43,101983.6982
1163,002420.SZ,20160606,8.67,9.48,8.58,9.16,8.7,0.46,5.29,150085.46,135997.6384
1164,002420.SZ,20160603,8.64,8.8,8.63,8.7,8.67,0.03,0.35,39514.91,34492.9625
1165,002420.SZ,20160602,8.52,8.7,8.45,8.67,8.54,0.13,1.52,42493.56,36713.0046
1166,002420.SZ,20160601,8.36,8.72,8.35,8.54,8.36,0.18,2.15,84837.82,72701.9588
1167,002420.SZ,20160531,7.96,8.42,7.95,8.36,8.0,0.36,4.5,64708.62,53353.5107
1168,002420.SZ,20160530,8.0,8.04,7.75,8.0,8.02,-0.02,-0.25,35913.97,28620.0025
1169,002420.SZ,20160527,7.95,8.08,7.94,8.02,7.98,0.04,0.5,30475.41,24431.332
1170,002420.SZ,20160526,7.99,8.06,7.75,7.98,8.0,-0.02,-0.25,38230.21,30180.4846
1171,002420.SZ,20160525,8.05,8.11,7.96,8.0,8.01,-0.01,-0.12,41705.31,33528.276
1172,002420.SZ,20160524,8.09,8.1,7.92,8.01,8.08,-0.07,-0.87,36579.27,29279.861
1173,002420.SZ,20160523,8.02,8.15,7.9,8.08,8.03,0.05,0.62,42869.32,34535.8618
1174,002420.SZ,20160520,7.82,8.05,7.8,8.03,7.92,0.11,1.39,37284.48,29664.132
1175,002420.SZ,20160519,7.91,8.09,7.89,7.92,7.91,0.01,0.13,39614.96,31600.3612
1176,002420.SZ,20160518,8.21,8.26,7.77,7.91,8.27,-0.36,-4.35,45268.01,35972.3077
1177,002420.SZ,20160517,8.25,8.44,8.18,8.27,8.29,-0.02,-0.24,44920.6,37336.5418
1178,002420.SZ,20160516,8.07,8.34,8.0,8.29,8.06,0.23,2.85,81685.94,67027.5675
1179,002420.SZ,20160513,8.01,8.2,7.98,8.06,8.12,-0.06,-0.74,44362.0,35971.5003
1180,002420.SZ,20160512,8.32,8.32,7.8,8.12,8.32,-0.2,-2.4,79387.48,63268.508
1181,002420.SZ,20160511,8.6,8.68,8.29,8.32,8.55,-0.23,-2.69,43053.57,36445.2871
1182,002420.SZ,20160510,8.5,8.82,8.48,8.55,8.73,-0.18,-2.06,55813.75,47847.9998
1183,002420.SZ,20160509,9.32,9.32,8.6,8.73,9.48,-0.75,-7.91,91257.86,81493.0495
1184,002420.SZ,20160506,10.03,10.19,9.42,9.48,10.04,-0.56,-5.58,113400.85,111313.682
1185,002420.SZ,20160505,10.03,10.14,9.91,10.04,10.09,-0.05,-0.5,55167.86,55246.1149
1186,002420.SZ,20160504,9.96,10.29,9.89,10.09,10.0,0.09,0.9,92189.61,93521.6189
1187,002420.SZ,20160503,9.66,10.04,9.61,10.0,9.66,0.34,3.52,73333.91,72709.7881
1188,002420.SZ,20160429,9.7,9.82,9.65,9.66,9.76,-0.1,-1.02,31503.15,30637.2071
1189,002420.SZ,20160428,9.9,9.96,9.54,9.76,10.0,-0.24,-2.4,70985.83,69093.8143
1190,002420.SZ,20160427,9.7,10.2,9.69,10.0,9.79,0.21,2.15,120222.44,119471.0786
1191,002420.SZ,20160426,9.46,9.8,9.4,9.79,9.46,0.33,3.49,64951.09,62563.1121
1192,002420.SZ,20160425,9.67,9.67,9.4,9.46,9.7,-0.24,-2.47,55071.34,52303.8289
1193,002420.SZ,20160422,9.36,9.83,9.28,9.7,9.6,0.1,1.04,73280.56,70266.9359
1194,002420.SZ,20160421,9.74,9.94,9.55,9.6,9.76,-0.16,-1.64,94714.68,92570.9372
1195,002420.SZ,20160420,10.03,10.16,9.2,9.76,10.0,-0.24,-2.4,144523.31,141516.1615
1196,002420.SZ,20160419,10.15,10.16,9.78,10.0,10.13,-0.13,-1.28,105044.82,104734.5418
1197,002420.SZ,20160418,10.0,10.17,9.91,10.13,9.97,0.16,1.6,101948.14,102088.3496
1198,002420.SZ,20160415,10.0,10.07,9.88,9.97,10.17,-0.2,-1.97,111195.63,110837.2591
1199,002420.SZ,20160414,9.66,10.18,9.58,10.17,9.6,0.57,5.94,146636.24,145936.1094
1200,002420.SZ,20160413,9.55,9.8,9.55,9.6,9.51,0.09,0.95,71294.41,69037.7939
1201,002420.SZ,20160412,9.51,9.6,9.28,9.51,9.5,0.01,0.11,61560.0,57784.1028
1202,002420.SZ,20160411,9.33,9.72,9.33,9.5,9.31,0.19,2.04,90195.65,86179.5837
1203,002420.SZ,20160408,9.37,9.52,9.09,9.31,9.44,-0.13,-1.38,101432.02,93747.5561
1204,002420.SZ,20160407,9.84,9.84,9.42,9.44,9.84,-0.4,-4.07,71961.88,68949.7742
1205,002420.SZ,20160406,9.7,9.87,9.66,9.84,9.75,0.09,0.92,64487.9,62875.6587
1206,002420.SZ,20160405,9.63,9.91,9.58,9.75,9.53,0.22,2.31,75750.71,74172.0692
1207,002420.SZ,20160401,9.52,9.66,9.21,9.53,9.6,-0.07,-0.73,56993.75,53804.3718
1208,002420.SZ,20160331,9.29,9.68,9.22,9.6,9.23,0.37,4.01,103405.94,98178.8262
1209,002420.SZ,20160330,8.9,9.23,8.88,9.23,8.88,0.35,3.94,58756.17,53509.1848
1210,002420.SZ,20160329,9.01,9.1,8.68,8.88,9.06,-0.18,-1.99,61966.57,54817.6705
1211,002420.SZ,20160328,9.17,9.32,9.05,9.06,9.11,-0.05,-0.55,44153.89,40587.0035
1212,002420.SZ,20160325,9.0,9.2,8.98,9.11,9.05,0.06,0.66,45789.11,41556.7924
1213,002420.SZ,20160324,9.19,9.21,9.02,9.05,9.28,-0.23,-2.48,49559.12,45070.3382
1214,002420.SZ,20160323,9.21,9.32,9.16,9.28,9.27,0.01,0.11,47580.31,43997.2387
1215,002420.SZ,20160322,9.31,9.38,9.18,9.27,9.29,-0.02,-0.22,60659.4,56358.4937
1216,002420.SZ,20160321,9.32,9.46,9.11,9.29,9.23,0.06,0.65,84521.23,78701.8614
1217,002420.SZ,20160318,8.99,9.28,8.85,9.23,8.9,0.33,3.71,80018.83,73187.7725
1218,002420.SZ,20160317,8.68,8.92,8.6,8.9,8.66,0.24,2.77,73388.54,64690.6648
1219,002420.SZ,20160316,8.7,8.96,8.6,8.66,8.6,0.06,0.7,87002.0,76394.7529
1220,002420.SZ,20160315,8.5,8.72,8.44,8.6,8.6,0.0,0.0,49647.81,42683.854
1221,002420.SZ,20160314,8.35,8.7,8.35,8.6,8.29,0.31,3.74,67487.51,57849.651
1222,002420.SZ,20160311,8.35,8.44,8.0,8.29,8.35,-0.06,-0.72,57190.78,47241.2542
1223,002420.SZ,20160310,8.55,8.78,8.3,8.35,8.52,-0.17,-2.0,67478.08,57993.8468
1224,002420.SZ,20160309,8.5,8.9,8.45,8.52,8.76,-0.24,-2.74,113926.03,98894.7788
1225,002420.SZ,20160308,8.03,8.91,7.72,8.76,8.1,0.66,8.15,178938.55,151757.1227
1226,002420.SZ,20160307,7.79,8.13,7.78,8.1,7.67,0.43,5.61,61691.63,49416.8782
1227,002420.SZ,20160304,7.91,8.05,7.55,7.67,7.97,-0.3,-3.76,54047.06,42246.6158
1228,002420.SZ,20160303,7.9,8.08,7.81,7.97,7.89,0.08,1.01,43108.49,34483.0172
1229,002420.SZ,20160302,7.55,7.94,7.51,7.89,7.5,0.39,5.2,49793.04,38609.1582
1230,002420.SZ,20160301,7.38,7.58,7.26,7.5,7.31,0.19,2.6,36561.35,27143.0514
1231,002420.SZ,20160229,7.75,7.83,7.18,7.31,7.75,-0.44,-5.68,48830.02,35908.809
1232,002420.SZ,20160226,7.79,7.88,7.56,7.75,7.64,0.11,1.44,43271.02,33486.1363
1233,002420.SZ,20160225,8.48,8.48,7.64,7.64,8.49,-0.85,-10.01,83092.58,66292.8375
1234,002420.SZ,20160224,8.45,8.56,8.25,8.49,8.47,0.02,0.24,50093.42,42184.933
1235,002420.SZ,20160223,8.6,8.62,8.34,8.47,8.59,-0.12,-1.4,56420.73,47799.4006
1236,002420.SZ,20160222,8.51,8.64,8.43,8.59,8.39,0.2,2.38,62036.72,53113.3514
1237,002420.SZ,20160219,8.3,8.48,8.29,8.39,8.32,0.07,0.84,48633.46,40811.1808
1238,002420.SZ,20160218,8.45,8.47,8.28,8.32,8.38,-0.06,-0.72,58648.9,49167.7543
1239,002420.SZ,20160217,8.31,8.41,8.16,8.38,8.35,0.03,0.36,78766.95,65483.8706
1240,002420.SZ,20160216,8.07,8.37,8.07,8.35,8.04,0.31,3.86,77445.22,64099.0854
1241,002420.SZ,20160215,8.0,8.07,7.72,8.04,8.15,-0.11,-1.35,42076.27,33204.0799
1242,002420.SZ,20160205,8.3,8.34,8.12,8.15,8.24,-0.09,-1.09,38275.41,31478.9589
1243,002420.SZ,20160204,8.01,8.35,8.01,8.24,8.05,0.19,2.36,46095.59,37945.9402
1244,002420.SZ,20160203,7.65,8.12,7.65,8.05,7.84,0.21,2.68,53324.39,42203.3157
1245,002420.SZ,20160202,7.6,8.02,7.6,7.84,7.6,0.24,3.16,41442.3,32455.5436
1246,002420.SZ,20160201,7.68,7.77,7.43,7.6,7.64,-0.04,-0.52,38721.35,29613.8087
1247,002420.SZ,20160129,7.32,7.76,7.32,7.64,7.39,0.25,3.38,43593.36,33118.5265
1248,002420.SZ,20160128,7.48,7.68,7.25,7.39,7.62,-0.23,-3.02,46337.41,34866.8281
1249,002420.SZ,20160127,7.91,7.91,7.11,7.62,7.79,-0.17,-2.18,82433.85,61413.3258
1250,002420.SZ,20160126,8.56,8.61,7.79,7.79,8.65,-0.86,-9.94,75442.72,61427.4079
1251,002420.SZ,20160125,8.7,8.79,8.52,8.65,8.59,0.06,0.7,44054.36,38269.316
1252,002420.SZ,20160122,8.47,8.7,8.18,8.59,8.4,0.19,2.26,60098.05,50957.4295
1253,002420.SZ,20160121,8.61,8.96,8.33,8.4,8.76,-0.36,-4.11,80405.45,69937.723
1254,002420.SZ,20160120,8.57,8.85,8.48,8.76,8.65,0.11,1.27,100640.38,87467.9063
1255,002420.SZ,20160119,8.1,8.65,8.1,8.65,8.18,0.47,5.75,84505.45,71139.3008
1256,002420.SZ,20160118,7.84,8.34,7.73,8.18,8.01,0.17,2.12,63553.02,51541.1419
1257,002420.SZ,20160115,8.35,8.53,7.94,8.01,8.45,-0.44,-5.21,70595.95,58376.7604
1258,002420.SZ,20160114,7.75,8.46,7.6,8.45,8.05,0.4,4.97,89338.5,72258.6109
1259,002420.SZ,20160113,8.29,8.47,8.03,8.05,8.25,-0.2,-2.42,65853.35,54591.7783
1260,002420.SZ,20160112,8.16,8.36,7.95,8.25,8.16,0.09,1.1,71108.6,58210.1601
1261,002420.SZ,20160111,8.85,9.03,8.16,8.16,9.07,-0.91,-10.03,109485.0,93204.1118
1262,002420.SZ,20160108,9.29,9.48,8.18,9.07,9.03,0.04,0.44,96273.2,86538.1107
1263,002420.SZ,20160107,9.81,9.9,9.03,9.03,10.03,-1.0,-9.97,22686.8,21332.9885
1264,002420.SZ,20160106,9.78,10.13,9.71,10.03,9.7,0.33,3.4,99803.47,99207.8812
1265,002420.SZ,20160105,9.81,10.3,9.41,9.7,10.46,-0.76,-7.27,169687.87,165527.069
1266,002420.SZ,20160104,11.61,11.74,10.46,10.46,11.62,-1.16,-9.98,108300.0,116627.1461
1267,002420.SZ,20151231,12.0,12.09,11.57,11.62,12.02,-0.4,-3.33,73764.64,87017.9174
1268,002420.SZ,20151230,11.85,12.11,11.78,12.02,11.83,0.19,1.61,79664.1,95416.0274
1269,002420.SZ,20151229,11.83,11.97,11.38,11.83,11.9,-0.07,-0.59,105228.1,122711.4213
1270,002420.SZ,20151228,12.57,12.7,11.61,11.9,12.52,-0.62,-4.95,159688.36,195117.2601
1271,002420.SZ,20151225,12.55,13.18,12.45,12.52,12.52,0.0,0.0,145396.53,185996.3101
1272,002420.SZ,20151224,12.72,12.81,12.31,12.52,12.69,-0.17,-1.34,144888.7,181766.6577
1273,002420.SZ,20151223,11.95,13.22,11.95,12.69,12.02,0.67,5.57,312918.95,392811.1926
1274,002420.SZ,20151222,11.76,12.17,11.56,12.02,11.87,0.15,1.26,152698.52,180825.1277
1275,002420.SZ,20151221,12.19,12.26,11.85,11.87,12.18,-0.31,-2.55,138380.14,165587.5209
1276,002420.SZ,20151218,12.05,12.47,11.83,12.18,12.08,0.1,0.83,227671.55,276228.715
1277,002420.SZ,20151217,11.95,12.35,11.84,12.08,11.92,0.16,1.34,212265.78,255687.2539
1278,002420.SZ,20151216,12.02,12.22,11.75,11.92,12.2,-0.28,-2.3,228144.01,272081.7095
1279,002420.SZ,20151215,11.68,12.27,11.32,12.2,11.77,0.43,3.65,338865.78,399864.9487
1280,002420.SZ,20151214,10.47,11.77,10.45,11.77,10.7,1.07,10.0,369221.23,420056.757
1281,002420.SZ,20151211,10.18,10.88,10.07,10.7,10.34,0.36,3.48,221069.59,231961.3624
1282,002420.SZ,20151210,9.99,10.49,9.87,10.34,9.92,0.42,4.23,215365.53,221095.9921
1283,002420.SZ,20151209,9.83,10.04,9.76,9.92,9.79,0.13,1.33,82929.55,81912.8116
1284,002420.SZ,20151208,10.1,10.15,9.73,9.79,10.21,-0.42,-4.11,102908.45,102236.0365
1285,002420.SZ,20151207,10.1,10.33,10.0,10.21,10.08,0.13,1.29,126641.4,129077.9699
1286,002420.SZ,20151204,9.74,10.21,9.69,10.08,9.75,0.33,3.38,153038.8,152717.5276
1287,002420.SZ,20151203,9.55,9.86,9.55,9.75,9.57,0.18,1.88,90776.73,88383.4621
1288,002420.SZ,20151202,9.69,9.85,9.35,9.57,9.78,-0.21,-2.15,81101.83,77928.118
1289,002420.SZ,20151201,9.53,9.83,9.4,9.78,9.53,0.25,2.62,102534.61,99080.0487
1290,002420.SZ,20151130,9.5,9.78,8.96,9.53,9.59,-0.06,-0.63,114670.97,108183.5119
1291,002420.SZ,20151127,10.39,10.39,9.36,9.59,10.4,-0.81,-7.79,143967.43,143358.5116
1292,002420.SZ,20151126,10.36,10.59,10.25,10.4,10.39,0.01,0.1,115414.26,120197.625
1293,002420.SZ,20151125,10.12,10.47,10.1,10.39,10.17,0.22,2.16,128275.23,132017.1345
1294,002420.SZ,20151124,9.81,10.17,9.73,10.17,9.89,0.28,2.83,132187.92,131646.9806
1295,002420.SZ,20151123,9.95,10.19,9.79,9.89,9.95,-0.06,-0.6,144076.0,143787.8549
1296,002420.SZ,20151120,9.7,10.07,9.65,9.95,9.7,0.25,2.58,151650.63,149849.4486
1297,002420.SZ,20151119,9.54,9.71,9.36,9.7,9.55,0.15,1.57,96369.53,91995.2826
1298,002420.SZ,20151118,9.85,9.92,9.51,9.55,9.84,-0.29,-2.95,120013.16,116966.8698
1299,002420.SZ,20151117,9.83,10.19,9.7,9.84,9.75,0.09,0.92,190770.42,189284.3657
1300,002420.SZ,20151116,9.31,9.75,9.28,9.75,9.55,0.2,2.09,105538.13,100841.0624
1301,002420.SZ,20151113,9.75,9.75,9.31,9.55,9.76,-0.21,-2.15,109967.54,105079.5359
1302,002420.SZ,20151112,9.75,9.83,9.5,9.76,9.74,0.02,0.21,137027.67,132730.9421
1303,002420.SZ,20151111,9.43,9.74,9.31,9.74,9.46,0.28,2.96,127294.79,122083.4842
1304,002420.SZ,20151110,9.35,9.57,9.23,9.46,9.39,0.07,0.75,101031.23,94904.0503
1305,002420.SZ,20151109,9.24,9.52,9.07,9.39,9.28,0.11,1.19,117245.92,108747.4969
1306,002420.SZ,20151106,9.18,9.31,9.13,9.28,9.15,0.13,1.42,109843.71,101450.0386
1307,002420.SZ,20151105,9.06,9.38,8.95,9.15,9.15,0.0,0.0,143043.38,130873.0478
1308,002420.SZ,20151104,8.65,9.19,8.64,9.15,8.64,0.51,5.9,116756.62,105393.0148
1309,002420.SZ,20151103,8.64,8.8,8.51,8.64,8.53,0.11,1.29,110539.38,95687.5261
1310,002420.SZ,20151102,8.69,8.9,8.41,8.53,8.97,-0.44,-4.91,133712.6,116177.8301
1311,002420.SZ,20151030,8.89,9.34,8.76,8.97,8.95,0.02,0.22,219339.54,199789.5608
1312,002420.SZ,20151029,8.61,9.02,8.5,8.95,8.56,0.39,4.56,196956.9,174515.2052
1313,002420.SZ,20151028,8.39,8.67,8.33,8.56,8.48,0.08,0.94,131130.41,111971.8058
1314,002420.SZ,20151027,8.47,8.52,8.02,8.48,8.57,-0.09,-1.05,89690.18,74388.2453
1315,002420.SZ,20151026,8.5,8.59,8.32,8.57,8.38,0.19,2.27,117062.78,98930.6631
1316,002420.SZ,20151023,8.07,8.39,8.02,8.38,8.0,0.38,4.75,76747.86,63060.579
1317,002420.SZ,20151022,7.74,8.0,7.69,8.0,7.7,0.3,3.9,80827.74,63468.1747
1318,002420.SZ,20151021,8.6,8.64,7.7,7.7,8.55,-0.85,-9.94,145535.74,118475.2597
1319,002420.SZ,20151020,8.33,8.59,8.29,8.55,8.39,0.16,1.91,64082.67,54161.2976
1320,002420.SZ,20151019,8.35,8.8,8.3,8.39,8.31,0.08,0.96,89288.29,75733.0234
1321,002420.SZ,20151016,8.23,8.35,8.1,8.31,8.23,0.08,0.97,68395.93,56469.6517
1322,002420.SZ,20151015,7.84,8.24,7.83,8.23,7.89,0.34,4.31,71843.09,58076.4099
1323,002420.SZ,20151014,8.02,8.12,7.88,7.89,8.12,-0.23,-2.83,64131.1,51240.1425
1324,002420.SZ,20151013,7.9,8.16,7.85,8.12,8.0,0.12,1.5,76410.84,61001.0883
1325,002420.SZ,20151012,7.74,8.12,7.66,8.0,7.68,0.32,4.17,85455.17,67768.3425
1326,002420.SZ,20151009,7.43,7.69,7.35,7.68,7.43,0.25,3.36,80333.56,60720.7984
1327,002420.SZ,20151008,7.4,7.5,7.32,7.43,7.13,0.3,4.21,57331.54,42563.286
1328,002420.SZ,20150930,7.21,7.39,7.08,7.13,7.01,0.12,1.71,38013.33,27382.6111
1329,002420.SZ,20150929,7.08,7.13,6.98,7.01,7.2,-0.19,-2.64,25741.59,18139.0005
1330,002420.SZ,20150928,7.03,7.23,6.9,7.2,7.03,0.17,2.42,32708.92,23113.2897
1331,002420.SZ,20150925,7.38,7.38,6.9,7.03,7.36,-0.33,-4.48,55347.54,39438.2068
1332,002420.SZ,20150924,7.2,7.4,7.2,7.36,7.18,0.18,2.51,47106.7,34530.4871
1333,002420.SZ,20150923,7.29,7.36,7.1,7.18,7.42,-0.24,-3.23,63221.81,45562.0783
1334,002420.SZ,20150922,7.4,7.49,7.27,7.42,7.38,0.04,0.54,44629.87,32926.0439
1335,002420.SZ,20150921,7.0,7.38,6.87,7.38,7.02,0.36,5.13,52545.93,37891.3553
1336,002420.SZ,20150918,6.91,7.09,6.85,7.02,6.9,0.12,1.74,38381.62,26763.5977
1337,002420.SZ,20150917,7.0,7.2,6.9,6.9,7.02,-0.12,-1.71,56859.19,40088.6418
1338,002420.SZ,20150916,6.57,7.04,6.48,7.02,6.4,0.62,9.69,54632.69,36841.7834
1339,002420.SZ,20150915,6.68,6.92,6.32,6.4,6.72,-0.32,-4.76,49674.79,33167.5053
1340,002420.SZ,20150914,7.53,7.54,6.69,6.72,7.43,-0.71,-9.56,77990.14,55029.5446
1341,002420.SZ,20150911,7.37,7.5,7.29,7.43,7.37,0.06,0.81,38924.2,28826.1053
1342,002420.SZ,20150910,7.48,7.56,7.3,7.37,7.59,-0.22,-2.9,54407.9,40515.3545
1343,002420.SZ,20150909,7.32,7.71,7.32,7.59,7.3,0.29,3.97,93282.31,70170.3646
1344,002420.SZ,20150908,6.91,7.32,6.8,7.3,6.91,0.39,5.64,57188.95,40405.4233
1345,002420.SZ,20150907,6.8,7.13,6.8,6.91,6.66,0.25,3.75,86035.47,60203.7548
1346,002420.SZ,20150902,6.55,7.12,6.42,6.66,6.83,-0.17,-2.49,56309.7,38278.5797
1347,002420.SZ,20150901,7.36,7.36,6.8,6.83,7.36,-0.53,-7.2,64037.07,44745.4907
1348,002420.SZ,20150831,7.72,7.72,7.31,7.36,7.75,-0.39,-5.03,72093.53,53940.3039
1349,002420.SZ,20150828,7.28,7.76,7.25,7.75,7.18,0.57,7.94,99804.36,74154.304
1350,002420.SZ,20150827,6.93,7.18,6.75,7.18,6.8,0.38,5.59,85336.65,59889.6197
1351,002420.SZ,20150826,7.05,7.29,6.58,6.8,6.93,-0.13,-1.88,123172.53,85934.6928
1352,002420.SZ,20150825,7.01,7.24,6.93,6.93,7.7,-0.77,-10.0,99526.02,69797.6517
1353,002420.SZ,20150824,8.2,8.3,7.7,7.7,8.56,-0.86,-10.05,95962.1,75209.8351
1354,002420.SZ,20150821,9.08,9.24,8.56,8.56,9.36,-0.8,-8.55,102010.2,91256.282
1355,002420.SZ,20150820,9.57,9.93,9.35,9.36,9.72,-0.36,-3.7,108949.97,104490.0815
1356,002420.SZ,20150819,9.15,9.81,8.72,9.72,9.59,0.13,1.36,134158.01,123783.6072
1357,002420.SZ,20150818,10.73,10.73,9.59,9.59,10.65,-1.06,-9.95,142749.99,144473.2594
1358,002420.SZ,20150817,10.17,10.65,10.16,10.65,10.25,0.4,3.9,129980.64,135460.7939
1359,002420.SZ,20150814,10.26,10.42,10.1,10.25,10.28,-0.03,-0.29,139913.47,143541.9178
1360,002420.SZ,20150813,9.62,10.29,9.62,10.28,9.75,0.53,5.44,139964.8,140167.234
1361,002420.SZ,20150812,9.69,10.0,9.53,9.75,9.8,-0.05,-0.51,88913.29,87197.9256
1362,002420.SZ,20150811,9.88,10.03,9.71,9.8,9.82,-0.02,-0.2,118212.36,116328.653
1363,002420.SZ,20150810,9.44,9.99,9.44,9.82,9.43,0.39,4.14,135057.71,131576.4214
1364,002420.SZ,20150807,8.85,9.49,8.85,9.43,8.82,0.61,6.92,119428.95,110033.661
1365,002420.SZ,20150806,8.61,8.95,8.58,8.82,8.87,-0.05,-0.56,52255.42,45955.2491
1366,002420.SZ,20150805,8.85,9.18,8.77,8.87,8.97,-0.1,-1.11,93805.66,84138.6163
1367,002420.SZ,20150804,8.32,8.99,8.32,8.97,8.24,0.73,8.86,85112.06,73633.5427
1368,002420.SZ,20150803,8.63,8.9,8.03,8.24,8.59,-0.35,-4.07,86300.55,73389.8313
1369,002420.SZ,20150731,8.59,8.91,8.48,8.59,8.79,-0.2,-2.28,58775.52,51153.0082
1370,002420.SZ,20150730,9.1,9.35,8.77,8.79,9.15,-0.36,-3.93,89266.39,81205.6793
1371,002420.SZ,20150729,8.8,9.16,8.33,9.15,8.48,0.67,7.9,95799.1,83310.0559
1372,002420.SZ,20150728,8.32,9.08,8.02,8.48,8.91,-0.43,-4.83,140554.81,118392.8636
1373,002420.SZ,20150727,9.69,9.99,8.91,8.91,9.9,-0.99,-10.0,146644.3,138872.849
1374,002420.SZ,20150724,10.28,10.45,9.8,9.9,10.32,-0.42,-4.07,166268.97,170033.3045
1375,002420.SZ,20150723,10.11,10.48,9.9,10.32,10.03,0.29,2.89,157997.0,161553.7775
1376,002420.SZ,20150722,9.4,10.03,9.37,10.03,9.55,0.48,5.03,157857.48,152975.5271
1377,002420.SZ,20150721,9.38,9.72,9.16,9.55,9.49,0.06,0.63,110317.99,104940.381
1378,002420.SZ,20150720,9.43,9.8,9.28,9.49,9.42,0.07,0.74,134272.32,127691.6682
1379,002420.SZ,20150717,8.88,9.59,8.83,9.42,8.81,0.61,6.92,117839.25,109109.3022
1380,002420.SZ,20150716,8.46,9.06,7.85,8.81,8.46,0.35,4.14,149857.42,129184.041
1381,002420.SZ,20150715,9.0,9.21,8.46,8.46,9.4,-0.94,-10.0,164657.99,144050.3992
1382,002420.SZ,20150714,9.25,9.97,9.11,9.4,9.17,0.23,2.51,309270.35,293490.2268
1383,002420.SZ,20150713,9.0,9.17,8.6,9.17,8.34,0.83,9.95,223605.75,203579.4548
1384,002420.SZ,20150710,8.05,8.34,8.01,8.34,7.58,0.76,10.03,85446.33,70681.6457
1385,002420.SZ,20150709,6.51,7.58,6.51,7.58,6.89,0.69,10.01,160823.67,118374.2022
1386,002420.SZ,20150708,6.27,7.12,6.27,6.89,6.97,-0.08,-1.15,320598.04,209853.2918
1387,002420.SZ,20150707,7.55,7.63,6.97,6.97,7.74,-0.77,-9.95,131508.81,94184.0302
1388,002420.SZ,20150706,9.05,9.05,7.46,7.74,8.23,-0.49,-5.95,227618.52,188272.021
1389,002420.SZ,20150703,8.87,9.24,8.23,8.23,9.14,-0.91,-9.96,222542.17,189407.804
1390,002420.SZ,20150702,10.1,10.3,9.14,9.14,10.16,-1.02,-10.04,184065.55,176286.9883
1391,002420.SZ,20150701,11.2,11.56,10.16,10.16,11.29,-1.13,-10.01,174934.05,192766.0453
1392,002420.SZ,20150630,10.54,11.55,9.62,11.29,10.69,0.6,5.61,216074.8,224719.7039
1393,002420.SZ,20150629,12.14,12.34,10.69,10.69,11.88,-1.19,-10.02,177494.23,198690.3514
1394,002420.SZ,20150626,12.8,12.8,11.88,11.88,13.2,-1.32,-10.0,135025.56,164499.2519
1395,002420.SZ,20150625,14.25,14.25,12.85,13.2,14.27,-1.07,-7.5,122881.23,169063.9183
1396,002420.SZ,20150624,14.15,14.55,13.66,14.27,13.92,0.35,2.51,156985.02,221849.8664
1397,002420.SZ,20150623,13.8,14.48,12.76,13.92,14.18,-0.26,-1.83,163384.51,222408.2703
1398,002420.SZ,20150619,15.48,15.5,14.18,14.18,15.75,-1.57,-9.97,140477.42,209605.7093
1399,002420.SZ,20150618,16.34,16.95,15.69,15.75,16.28,-0.53,-3.26,152335.62,248741.8129
1400,002420.SZ,20150617,15.6,16.42,15.57,16.28,15.53,0.75,4.83,174658.21,279078.0075
1401,002420.SZ,20150616,16.9,16.9,15.39,15.53,17.1,-1.57,-9.18,227862.84,366689.62
1402,002420.SZ,20150615,17.77,18.0,17.05,17.1,18.14,-1.04,-5.73,202522.03,353305.4051
1403,002420.SZ,20150612,17.3,18.68,17.2,18.14,17.53,0.61,3.48,193612.79,349911.0038
1404,002420.SZ,20150611,15.95,17.74,15.85,17.53,16.15,1.38,8.54,258798.82,436037.5297
1405,002420.SZ,20150610,15.59,16.48,15.2,16.15,15.89,0.26,1.64,264763.36,424282.6042
1406,002420.SZ,20150609,14.48,16.03,14.22,15.89,14.57,1.32,9.06,315068.21,490067.7349
1407,002420.SZ,20150608,14.86,14.95,14.11,14.57,14.86,-0.29,-1.95,229980.57,333448.8518
1408,002420.SZ,20150605,15.0,15.3,14.44,14.86,14.97,-0.11,-0.73,249230.25,372904.8018
1409,002420.SZ,20150604,14.44,15.03,13.39,14.97,14.43,0.54,3.74,264084.23,383275.5875
1410,002420.SZ,20150603,14.8,15.55,14.0,14.43,14.63,-0.2,-1.37,257363.84,378414.7495
1411,002420.SZ,20150602,13.57,14.63,13.5,14.63,13.3,1.33,10.0,266373.84,375092.8463
1412,002420.SZ,20150601,12.3,13.31,12.3,13.3,12.22,1.08,8.84,201394.28,262095.3405
1413,002420.SZ,20150529,11.69,12.4,11.23,12.22,11.65,0.57,4.89,226558.16,269994.4664
1414,002420.SZ,20150528,12.15,13.23,11.62,11.65,12.25,-0.6,-4.9,242056.79,303292.7593
1415,002420.SZ,20150527,12.28,12.3,11.9,12.25,12.25,0.0,0.0,176386.94,213168.3458
1416,002420.SZ,20150526,11.95,12.28,11.85,12.25,12.1,0.15,1.24,227627.79,275061.3758
1417,002420.SZ,20150525,11.44,12.17,11.33,12.1,11.43,0.67,5.86,193052.99,228166.9353
1418,002420.SZ,20150522,11.26,11.84,11.22,11.43,11.16,0.27,2.42,193777.26,221888.4785
1419,002420.SZ,20150521,10.7,11.2,10.66,11.16,10.72,0.44,4.1,159364.8,175843.2485
1420,002420.SZ,20150520,10.69,11.25,10.69,10.72,10.58,0.14,1.32,216875.91,238831.3052
1421,002420.SZ,20150519,10.3,10.63,10.15,10.58,10.27,0.31,3.02,197429.99,204320.3159
1422,002420.SZ,20150518,9.79,10.35,9.63,10.27,9.82,0.45,4.58,221570.45,224214.0456
1423,002420.SZ,20150515,10.05,10.15,9.7,9.82,10.1,-0.28,-2.77,142798.64,141277.3096
1424,002420.SZ,20150514,9.87,10.2,9.87,10.1,9.92,0.18,1.81,142118.36,143169.5861
1425,002420.SZ,20150513,9.7,9.99,9.61,9.92,9.79,0.13,1.33,121034.92,119066.8253
1426,002420.SZ,20150512,9.65,9.85,9.56,9.79,9.62,0.17,1.77,120540.3,116809.4331
1427,002420.SZ,20150511,9.46,9.71,9.37,9.62,9.37,0.25,2.67,97808.36,93668.2473
1428,002420.SZ,20150508,9.18,9.38,9.13,9.37,9.02,0.35,3.88,66901.82,61746.3626
1429,002420.SZ,20150507,9.14,9.3,8.93,9.02,9.2,-0.18,-1.96,88292.78,80399.1515
1430,002420.SZ,20150506,9.58,9.78,9.2,9.2,9.54,-0.34,-3.56,96032.68,91734.2404
1431,002420.SZ,20150505,9.98,10.01,9.51,9.54,10.0,-0.46,-4.6,103884.32,100980.329
1432,002420.SZ,20150504,9.8,10.0,9.67,10.0,9.82,0.18,1.83,100978.83,99291.2168
1433,002420.SZ,20150430,10.08,10.2,9.81,9.82,10.06,-0.24,-2.39,112144.88,112208.6572
1434,002420.SZ,20150429,9.87,10.13,9.87,10.06,9.98,0.08,0.8,105803.62,106207.7741
1435,002420.SZ,20150428,10.75,10.77,9.97,9.98,10.64,-0.66,-6.2,153464.51,157500.5856
1436,002420.SZ,20150427,10.29,10.65,10.28,10.64,10.27,0.37,3.6,201271.92,211612.8738
1437,002420.SZ,20150424,9.9,10.35,9.81,10.27,10.04,0.23,2.29,189357.09,191151.9219
1438,002420.SZ,20150423,10.15,10.17,9.86,10.04,10.0,0.04,0.4,154350.02,154703.1244
1439,002420.SZ,20150422,9.56,10.11,9.56,10.0,9.53,0.47,4.93,158161.41,156556.9131
1440,002420.SZ,20150421,9.18,9.55,9.16,9.53,9.18,0.35,3.81,86043.97,80819.6857
1441,002420.SZ,20150420,9.53,9.55,9.18,9.18,9.51,-0.33,-3.47,121469.09,113719.7824
1442,002420.SZ,20150417,9.46,9.65,9.44,9.51,9.46,0.05,0.53,118669.96,113135.9799
1443,002420.SZ,20150416,9.35,9.66,9.15,9.46,9.47,-0.01,-0.11,98297.3,92361.2086
1444,002420.SZ,20150415,9.8,9.85,9.42,9.47,9.91,-0.44,-4.44,120222.3,115733.8741
1445,002420.SZ,20150414,9.91,10.16,9.86,9.91,10.01,-0.1,-1.0,136642.1,136290.0884
1446,002420.SZ,20150413,9.79,10.05,9.71,10.01,9.8,0.21,2.14,137836.91,136528.2293
1447,002420.SZ,20150410,9.48,9.88,9.42,9.8,9.51,0.29,3.05,125692.21,121886.4369
1448,002420.SZ,20150409,9.83,9.83,9.2,9.51,9.89,-0.38,-3.84,207332.01,196178.1266
1449,002420.SZ,20150408,10.23,10.3,9.63,9.89,10.25,-0.36,-3.51,206244.65,205430.554
1450,002420.SZ,20150407,10.1,10.38,10.0,10.25,10.08,0.17,1.69,191173.8,195029.178
1451,002420.SZ,20150403,9.72,10.15,9.61,10.08,9.78,0.3,3.07,181075.82,179683.9958
1452,002420.SZ,20150402,9.35,9.85,9.24,9.78,9.42,0.36,3.82,217846.55,209138.8362
1453,002420.SZ,20150401,9.27,9.5,9.27,9.42,9.25,0.17,1.84,112124.06,105421.3409
1454,002420.SZ,20150331,9.08,9.49,8.91,9.25,9.02,0.23,2.55,145855.66,133905.2398
1455,002420.SZ,20150330,8.82,9.1,8.81,9.02,8.82,0.2,2.27,105002.03,93960.9733
1456,002420.SZ,20150327,8.77,8.87,8.7,8.82,8.77,0.05,0.57,76082.17,66860.3221
1457,002420.SZ,20150326,8.69,8.95,8.61,8.77,8.78,-0.01,-0.11,137311.06,120508.3395
1458,002420.SZ,20150325,8.47,8.81,8.37,8.78,8.51,0.27,3.17,150566.9,129068.445
1459,002420.SZ,20150324,8.7,8.79,8.19,8.51,8.61,-0.1,-1.16,164292.03,139983.7312
1460,002420.SZ,20150323,8.34,8.61,8.33,8.61,8.38,0.23,2.74,117531.27,99752.0329
1461,002420.SZ,20150320,8.38,8.54,8.32,8.38,8.42,-0.04,-0.48,100473.18,84487.5071
1462,002420.SZ,20150319,8.3,8.48,8.21,8.42,8.29,0.13,1.57,133899.31,112017.7471
1463,002420.SZ,20150318,8.14,8.3,8.07,8.29,8.12,0.17,2.09,111216.47,91011.6061
1464,002420.SZ,20150317,8.14,8.24,8.04,8.12,8.13,-0.01,-0.12,111049.78,90232.9517
1465,002420.SZ,20150316,8.05,8.17,7.95,8.13,7.98,0.15,1.88,98922.91,79940.9669
1466,002420.SZ,20150313,7.81,8.02,7.81,7.98,7.81,0.17,2.18,74698.96,59284.8695
1467,002420.SZ,20150312,7.91,7.99,7.76,7.81,7.91,-0.1,-1.26,83950.53,66155.8948
1468,002420.SZ,20150311,7.72,7.96,7.66,7.91,7.75,0.16,2.06,111632.43,87137.3638
1469,002420.SZ,20150310,7.63,7.82,7.59,7.75,7.64,0.11,1.44,85329.77,66058.3538
1470,002420.SZ,20150309,7.5,7.65,7.37,7.64,7.56,0.08,1.06,65607.29,49530.4345
1471,002420.SZ,20150306,7.7,7.75,7.52,7.56,7.75,-0.19,-2.45,79811.38,60701.261
1472,002420.SZ,20150305,7.65,7.84,7.61,7.75,7.68,0.07,0.91,122105.16,94097.9421
1473,002420.SZ,20150304,7.48,7.73,7.45,7.68,7.48,0.2,2.67,110223.37,83988.2129
1474,002420.SZ,20150303,7.61,7.62,7.46,7.48,7.65,-0.17,-2.22,106458.85,80175.2194
1475,002420.SZ,20150302,7.68,7.68,7.56,7.65,7.6,0.05,0.66,97213.9,73929.8019
1476,002420.SZ,20150227,7.5,7.65,7.49,7.6,7.48,0.12,1.6,96047.91,72932.2416
1477,002420.SZ,20150226,7.42,7.49,7.36,7.48,7.44,0.04,0.54,69901.47,51953.7009
1478,002420.SZ,20150225,7.57,7.62,7.42,7.44,7.55,-0.11,-1.46,109265.65,81884.1377
1479,002420.SZ,20150217,7.46,7.57,7.4,7.55,7.48,0.07,0.94,154274.6,115616.0987
1480,002420.SZ,20150216,7.22,7.52,7.18,7.48,7.24,0.24,3.31,266305.13,196427.2455
1481,002420.SZ,20150213,7.07,7.29,7.05,7.24,7.07,0.17,2.4,169758.4,122089.2121
1482,002420.SZ,20150212,6.87,7.11,6.81,7.07,6.85,0.22,3.21,118565.82,83277.5082
1483,002420.SZ,20150211,6.83,6.88,6.77,6.85,6.86,-0.01,-0.15,51942.39,35436.958
1484,002420.SZ,20150210,6.75,6.91,6.75,6.86,6.81,0.05,0.73,43768.12,29877.5453
1485,002420.SZ,20150209,6.75,6.84,6.63,6.81,6.76,0.05,0.74,66694.89,44778.0875
1486,002420.SZ,20150206,7.04,7.04,6.67,6.76,7.05,-0.29,-4.11,105720.83,72197.6218
1487,002420.SZ,20150205,7.18,7.22,7.04,7.05,7.14,-0.09,-1.26,119522.89,85253.5807
1488,002420.SZ,20150204,7.11,7.15,7.01,7.14,7.15,-0.01,-0.14,120656.73,85339.5911
1489,002420.SZ,20150203,7.11,7.21,6.96,7.15,7.0,0.15,2.14,185814.1,131155.9237
1490,002420.SZ,20150202,6.82,7.0,6.81,7.0,6.88,0.12,1.74,98508.74,68066.4632
1491,002420.SZ,20150130,6.86,6.96,6.77,6.88,6.86,0.02,0.29,74236.5,51075.7608
1492,002420.SZ,20150129,6.85,6.95,6.8,6.86,6.86,0.0,0.0,43599.34,30031.4735
1493,002420.SZ,20150128,6.89,6.94,6.81,6.86,6.9,-0.04,-0.58,49044.42,33726.4682
1494,002420.SZ,20150127,6.88,6.94,6.76,6.9,6.83,0.07,1.02,92920.59,63782.6369
1495,002420.SZ,20150126,6.69,6.85,6.68,6.83,6.69,0.14,2.09,65295.26,44138.3391
1496,002420.SZ,20150123,6.74,6.78,6.63,6.69,6.73,-0.04,-0.59,72093.98,48293.9387
1497,002420.SZ,20150122,6.65,6.76,6.61,6.73,6.64,0.09,1.36,58670.51,39285.8121
1498,002420.SZ,20150121,6.5,6.65,6.48,6.64,6.48,0.16,2.47,76890.51,50621.7132
1499,002420.SZ,20150120,6.38,6.5,6.37,6.48,6.33,0.15,2.37,52013.36,33494.2281
1500,002420.SZ,20150119,6.49,6.58,6.27,6.33,6.58,-0.25,-3.8,52027.89,33601.9175
1501,002420.SZ,20150116,6.57,6.59,6.51,6.58,6.51,0.07,1.08,24319.97,15918.7914
1502,002420.SZ,20150115,6.51,6.53,6.47,6.51,6.5,0.01,0.15,25894.84,16840.5812
1503,002420.SZ,20150114,6.43,6.59,6.42,6.5,6.46,0.04,0.62,42066.63,27303.4744
1504,002420.SZ,20150113,6.42,6.52,6.38,6.46,6.42,0.04,0.62,37964.47,24464.6911
1505,002420.SZ,20150112,6.66,6.66,6.39,6.42,6.67,-0.25,-3.75,37452.91,24318.6182
1506,002420.SZ,20150109,6.73,6.75,6.65,6.67,6.73,-0.06,-0.89,33989.2,22835.0426
1507,002420.SZ,20150108,6.75,6.81,6.69,6.73,6.8,-0.07,-1.03,38016.13,25619.3691
1508,002420.SZ,20150107,6.82,6.82,6.73,6.8,6.83,-0.03,-0.44,38329.08,25965.5758
1509,002420.SZ,20150106,6.75,6.85,6.68,6.83,6.77,0.06,0.89,70602.31,47723.7851
1510,002420.SZ,20150105,6.7,6.81,6.64,6.77,6.7,0.07,1.04,40813.01,27524.6659
1511,002420.SZ,20141231,6.68,6.8,6.6,6.7,6.6,0.1,1.52,32428.49,21794.1498
1512,002420.SZ,20141230,6.66,6.79,6.52,6.6,6.65,-0.05,-0.75,31906.0,21352.6835
1513,002420.SZ,20141229,6.72,6.72,6.61,6.65,6.72,-0.07,-1.04,34186.12,22750.7335
1514,002420.SZ,20141226,6.72,6.82,6.68,6.72,6.75,-0.03,-0.44,30136.67,20300.3434
1515,002420.SZ,20141225,6.72,6.79,6.66,6.75,6.71,0.04,0.6,28435.84,19084.8439
1516,002420.SZ,20141224,6.58,6.71,6.54,6.71,6.53,0.18,2.76,45970.74,30558.4083
1517,002420.SZ,20141223,6.51,6.66,6.5,6.53,6.5,0.03,0.46,35081.92,23125.3562
1518,002420.SZ,20141222,6.88,6.93,6.41,6.5,6.94,-0.44,-6.34,53665.03,35609.5394
1519,002420.SZ,20141219,7.12,7.15,6.86,6.94,7.11,-0.17,-2.39,59460.62,41624.5258
1520,002420.SZ,20141218,7.21,7.28,7.11,7.11,7.23,-0.12,-1.66,52454.39,37809.2776
1521,002420.SZ,20141217,7.3,7.37,7.19,7.23,7.34,-0.11,-1.5,60117.58,43679.1412
1522,002420.SZ,20141216,7.4,7.41,7.29,7.34,7.4,-0.06,-0.81,60511.0,44421.7717
1523,002420.SZ,20141215,7.43,7.46,7.3,7.4,7.47,-0.07,-0.94,97622.58,72054.5363
1524,002420.SZ,20141212,7.4,7.52,7.38,7.47,7.45,0.02,0.27,86746.03,64650.1338
1525,002420.SZ,20141211,7.31,7.57,7.21,7.45,7.31,0.14,1.92,122044.56,90682.985
1526,002420.SZ,20141210,6.9,7.41,6.86,7.31,6.95,0.36,5.18,125095.38,90943.0661
1527,002420.SZ,20141209,7.36,7.39,6.92,6.95,7.36,-0.41,-5.57,87546.92,62915.2411
1528,002420.SZ,20141208,7.45,7.58,7.35,7.36,7.5,-0.14,-1.87,140774.44,105203.1388
1529,002420.SZ,20141205,7.69,7.69,7.21,7.5,7.71,-0.21,-2.72,151742.47,113784.6722
1530,002420.SZ,20141204,7.61,7.72,7.57,7.71,7.64,0.07,0.92,79356.76,60656.7118
1531,002420.SZ,20141203,7.5,7.75,7.45,7.64,7.53,0.11,1.46,94749.41,72036.61
1532,002420.SZ,20141202,7.23,7.56,7.2,7.53,7.25,0.28,3.86,105031.46,77840.6829
1533,002420.SZ,20141201,7.33,7.33,7.18,7.25,7.35,-0.1,-1.36,67597.07,48949.5265
1534,002420.SZ,20141128,7.4,7.49,7.25,7.35,7.4,-0.05,-0.68,66803.97,49194.5617
1535,002420.SZ,20141127,7.37,7.52,7.35,7.4,7.34,0.06,0.82,78518.7,58366.0271
1536,002420.SZ,20141126,7.26,7.44,7.26,7.34,7.27,0.07,0.96,70549.57,51801.5784
1537,002420.SZ,20141125,7.19,7.27,7.17,7.27,7.19,0.08,1.11,67532.1,48806.459
1538,002420.SZ,20141124,7.25,7.25,7.13,7.19,7.2,-0.01,-0.14,59740.1,42938.999
1539,002420.SZ,20141121,7.08,7.25,7.07,7.2,7.13,0.07,0.98,56211.86,40392.6911
1540,002420.SZ,20141120,7.06,7.18,7.06,7.13,7.13,0.0,0.0,29746.64,21207.1798
1541,002420.SZ,20141119,7.14,7.17,7.06,7.13,7.14,-0.01,-0.14,37630.1,26758.2822
1542,002420.SZ,20141118,6.97,7.2,6.95,7.14,6.97,0.17,2.44,49267.06,34863.4964
1543,002420.SZ,20141117,6.83,6.99,6.8,6.97,6.83,0.14,2.05,36433.99,25242.5006
1544,002420.SZ,20141114,6.81,6.89,6.77,6.83,6.81,0.02,0.29,36346.26,24823.078
1545,002420.SZ,20141113,7.0,7.0,6.75,6.81,7.0,-0.19,-2.71,39447.88,27096.1156
1546,002420.SZ,20141112,6.85,7.02,6.82,7.0,6.88,0.12,1.74,41256.16,28643.8601
1547,002420.SZ,20141111,7.3,7.32,6.8,6.88,7.28,-0.4,-5.49,95292.87,66874.933
1548,002420.SZ,20141110,7.22,7.33,7.21,7.28,7.23,0.05,0.69,41260.25,29915.0428
1549,002420.SZ,20141107,7.29,7.34,7.21,7.23,7.28,-0.05,-0.69,56895.15,41445.0602
1550,002420.SZ,20141106,7.29,7.3,7.19,7.28,7.31,-0.03,-0.41,42520.45,30822.5807
1551,002420.SZ,20141105,7.3,7.34,7.21,7.31,7.3,0.01,0.14,39099.95,28389.8577
1552,002420.SZ,20141104,7.27,7.34,7.2,7.3,7.27,0.03,0.41,72095.76,52475.3135
1553,002420.SZ,20141103,7.1,7.33,7.08,7.27,7.08,0.19,2.68,82515.44,59542.6852
1554,002420.SZ,20141031,7.06,7.12,6.98,7.08,7.07,0.01,0.14,65220.48,45929.2169
1555,002420.SZ,20141030,7.09,7.22,7.05,7.07,7.0,0.07,1.0,78571.27,56016.7641
1556,002420.SZ,20141029,6.98,7.05,6.9,7.0,6.97,0.03,0.43,78717.73,54761.9879
1557,002420.SZ,20141028,6.76,6.98,6.75,6.97,6.73,0.24,3.57,57549.14,39709.1724
1558,002420.SZ,20141027,6.62,6.75,6.61,6.73,6.66,0.07,1.05,30507.71,20449.6999
1559,002420.SZ,20141024,6.64,6.74,6.63,6.66,6.64,0.02,0.3,35623.4,23788.6656
1560,002420.SZ,20141023,6.81,6.85,6.59,6.64,6.87,-0.23,-3.35,77419.85,51771.2597
1561,002420.SZ,20141022,7.17,7.44,6.86,6.87,7.17,-0.3,-4.18,139129.82,99122.3713
1562,002420.SZ,20141021,7.25,7.3,7.15,7.17,7.24,-0.07,-0.97,38980.36,28145.8778
1563,002420.SZ,20141020,7.14,7.24,7.08,7.24,7.17,0.07,0.98,37201.79,26709.1836
1564,002420.SZ,20141017,7.19,7.31,6.91,7.17,7.22,-0.05,-0.69,98561.79,70026.6477
1565,002420.SZ,20141016,7.3,7.49,7.21,7.22,7.39,-0.17,-2.3,90686.4,66827.9237
1566,002420.SZ,20141015,7.58,7.63,7.0,7.39,7.68,-0.29,-3.78,148809.86,110570.6508
1567,002420.SZ,20141014,8.05,8.27,7.58,7.68,8.23,-0.55,-6.68,376473.63,296793.767
1568,002420.SZ,20141013,7.76,8.25,7.68,8.23,7.9,0.33,4.18,384845.65,305660.1575
1569,002420.SZ,20141010,7.38,8.08,7.35,7.9,7.48,0.42,5.62,268325.25,208352.5531
1570,002420.SZ,20141009,7.49,7.51,7.25,7.48,7.38,0.1,1.36,113888.04,83925.3638
1571,002420.SZ,20141008,7.1,7.58,7.06,7.38,7.13,0.25,3.51,158028.07,116216.32
1572,002420.SZ,20140930,7.1,7.19,7.1,7.13,7.12,0.01,0.14,52351.21,37390.1596
1573,002420.SZ,20140929,7.09,7.15,6.97,7.12,7.1,0.02,0.28,63629.36,44967.897
1574,002420.SZ,20140926,7.06,7.14,7.01,7.1,7.09,0.01,0.14,34043.46,24095.7058
1575,002420.SZ,20140925,7.16,7.24,7.06,7.09,7.16,-0.07,-0.98,58900.52,41964.7985
1576,002420.SZ,20140924,7.04,7.26,7.0,7.16,7.08,0.08,1.13,102702.84,73292.1436
1577,002420.SZ,20140923,6.9,7.12,6.84,7.08,6.92,0.16,2.31,71447.18,49821.8131
1578,002420.SZ,20140922,6.83,7.0,6.7,6.92,6.84,0.08,1.17,82541.84,56403.0707
1579,002420.SZ,20140919,6.63,6.88,6.62,6.84,6.68,0.16,2.4,68203.87,46290.1083
1580,002420.SZ,20140918,6.56,6.75,6.49,6.68,6.57,0.11,1.67,56420.43,37464.97
1581,002420.SZ,20140917,6.48,6.57,6.41,6.57,6.49,0.08,1.23,43970.7,28570.6146
1582,002420.SZ,20140916,6.78,6.82,6.45,6.49,6.78,-0.29,-4.28,95509.77,63469.5143
1583,002420.SZ,20140915,6.57,6.87,6.53,6.78,6.57,0.21,3.2,104110.76,69935.2115
1584,002420.SZ,20140912,6.5,6.63,6.47,6.57,6.46,0.11,1.7,56795.83,37302.5856
1585,002420.SZ,20140911,6.68,6.73,6.41,6.46,6.62,-0.16,-2.42,102378.47,67293.5267
1586,002420.SZ,20140910,6.41,6.75,6.35,6.62,6.42,0.2,3.12,96972.1,63655.99
1587,002420.SZ,20140909,6.49,6.56,6.37,6.42,6.5,-0.08,-1.23,70996.41,45700.1166
1588,002420.SZ,20140905,6.36,6.63,6.33,6.5,6.36,0.14,2.2,85076.78,55335.2863
1589,002420.SZ,20140904,6.29,6.42,6.27,6.36,6.29,0.07,1.11,40843.43,25936.8018
1590,002420.SZ,20140903,6.29,6.37,6.18,6.29,6.28,0.01,0.16,54666.62,34254.6794
1591,002420.SZ,20140902,6.25,6.37,6.19,6.28,6.21,0.07,1.13,62520.32,39215.1428
1592,002420.SZ,20140901,5.97,6.25,5.94,6.21,5.92,0.29,4.9,66394.21,40689.6686
1593,002420.SZ,20140829,5.9,5.98,5.85,5.92,5.9,0.02,0.34,23909.33,14164.2246
1594,002420.SZ,20140828,5.99,6.07,5.88,5.9,5.97,-0.07,-1.17,29861.83,17750.22
1595,002420.SZ,20140827,5.84,5.98,5.84,5.97,5.88,0.09,1.53,35308.12,20961.0794
1596,002420.SZ,20140826,6.13,6.13,5.81,5.88,6.04,-0.16,-2.65,49739.48,29461.5537
1597,002420.SZ,20140825,6.01,6.16,5.99,6.04,5.99,0.05,0.83,52937.48,32146.8328
1598,002420.SZ,20140822,5.97,6.04,5.95,5.99,5.98,0.01,0.17,35204.52,21096.8133
1599,002420.SZ,20140821,5.88,5.98,5.83,5.98,5.88,0.1,1.7,40937.18,24131.0165
1600,002420.SZ,20140820,5.86,5.95,5.81,5.88,5.86,0.02,0.34,42770.07,25133.8361
1601,002420.SZ,20140819,5.9,5.91,5.78,5.86,5.86,0.0,0.0,33179.68,19386.7265
1602,002420.SZ,20140818,5.74,5.9,5.74,5.86,5.74,0.12,2.09,43221.95,25143.1482
1603,002420.SZ,20140815,5.68,5.77,5.65,5.74,5.69,0.05,0.88,33158.1,18955.7323
1604,002420.SZ,20140814,5.74,5.76,5.66,5.69,5.72,-0.03,-0.52,28942.19,16556.2751
1605,002420.SZ,20140813,5.75,5.78,5.65,5.72,5.78,-0.06,-1.04,29518.32,16839.3998
1606,002420.SZ,20140812,5.76,5.8,5.73,5.78,5.74,0.04,0.7,27217.05,15666.5309
1607,002420.SZ,20140811,5.72,5.81,5.72,5.74,5.72,0.02,0.35,26751.99,15381.763
1608,002420.SZ,20140808,5.66,5.76,5.64,5.72,5.66,0.06,1.06,26255.96,14965.5645
1609,002420.SZ,20140807,5.73,5.77,5.65,5.66,5.74,-0.08,-1.39,35459.89,20205.2852
1610,002420.SZ,20140806,5.66,5.74,5.63,5.74,5.68,0.06,1.06,33686.22,19174.1048
1611,002420.SZ,20140805,5.68,5.72,5.61,5.68,5.67,0.01,0.18,23760.52,13428.1741
1612,002420.SZ,20140804,5.56,5.69,5.56,5.67,5.58,0.09,1.61,30097.16,17009.8764
1613,002420.SZ,20140801,5.62,5.68,5.54,5.58,5.65,-0.07,-1.24,45315.22,25480.0473
1614,002420.SZ,20140731,5.65,5.71,5.59,5.65,5.66,-0.01,-0.18,40766.75,22982.4176
1615,002420.SZ,20140730,5.58,5.69,5.53,5.66,5.6,0.06,1.07,64472.18,36294.7562
1616,002420.SZ,20140729,5.52,5.74,5.52,5.6,5.54,0.06,1.08,85040.55,48039.4665
1617,002420.SZ,20140728,5.46,5.76,5.45,5.54,5.47,0.07,1.28,83315.66,46873.67
1618,002420.SZ,20140725,5.41,5.48,5.38,5.47,5.41,0.06,1.11,26330.04,14331.7289
1619,002420.SZ,20140724,5.36,5.41,5.33,5.41,5.38,0.03,0.56,21676.59,11645.5506
1620,002420.SZ,20140723,5.42,5.43,5.36,5.38,5.41,-0.03,-0.55,19779.82,10663.6444
1621,002420.SZ,20140722,5.33,5.41,5.31,5.41,5.34,0.07,1.31,30999.33,16678.3627
1622,002420.SZ,20140721,5.32,5.34,5.28,5.34,5.35,-0.01,-0.19,15609.39,8288.5227
1623,002420.SZ,20140718,5.31,5.36,5.27,5.35,5.31,0.04,0.75,16518.85,8801.6757
1624,002420.SZ,20140717,5.34,5.37,5.23,5.31,5.34,-0.03,-0.56,17203.2,9130.4063
1625,002420.SZ,20140716,5.34,5.38,5.3,5.34,5.34,0.0,0.0,18978.88,10141.3293
1626,002420.SZ,20140715,5.42,5.42,5.3,5.34,5.41,-0.07,-1.29,35287.45,18888.8318
1627,002420.SZ,20140714,5.34,5.43,5.32,5.41,5.35,0.06,1.12,33579.48,18065.3174
1628,002420.SZ,20140711,5.27,5.38,5.27,5.35,5.29,0.06,1.13,23478.12,12548.6975
1629,002420.SZ,20140710,5.24,5.32,5.23,5.29,5.26,0.03,0.57,17186.19,9076.4612
1630,002420.SZ,20140709,5.3,5.37,5.25,5.26,5.33,-0.07,-1.31,31539.83,16749.8118
1631,002420.SZ,20140708,5.29,5.38,5.26,5.33,5.31,0.02,0.38,27487.91,14625.9434
1632,002420.SZ,20140707,5.38,5.4,5.29,5.31,5.38,-0.07,-1.3,48534.92,25830.729
1633,002420.SZ,20140704,5.24,5.56,5.21,5.38,5.24,0.14,2.67,89342.89,48014.9771
1634,002420.SZ,20140703,5.24,5.28,5.21,5.24,5.23,0.01,0.19,23390.78,12274.4553
1635,002420.SZ,20140702,5.17,5.28,5.17,5.23,5.19,0.04,0.77,24395.36,12755.0235
1636,002420.SZ,20140701,5.15,5.25,5.13,5.19,5.16,0.03,0.58,29627.42,15379.2342
1637,002420.SZ,20140630,5.13,5.16,5.11,5.16,5.13,0.03,0.58,19795.7,10166.0068
1638,002420.SZ,20140627,5.06,5.15,5.05,5.13,5.08,0.05,0.98,35967.7,18355.3486
1639,002420.SZ,20140626,5.03,5.1,5.02,5.08,5.03,0.05,0.99,24307.98,12313.0057
1640,002420.SZ,20140625,5.09,5.1,5.0,5.03,5.1,-0.07,-1.37,20680.16,10411.2873
1641,002420.SZ,20140624,5.04,5.1,5.04,5.1,5.08,0.02,0.39,10381.58,5280.6795
1642,002420.SZ,20140623,5.02,5.08,5.01,5.08,5.04,0.04,0.79,12470.47,6306.6011
1643,002420.SZ,20140620,5.0,5.05,4.99,5.04,5.0,0.04,0.8,12146.37,6087.4304
1644,002420.SZ,20140619,5.13,5.15,4.95,5.0,5.13,-0.13,-2.53,14164.91,7189.8228
1645,002420.SZ,20140618,5.17,5.17,5.12,5.13,5.17,-0.04,-0.77,12335.71,6341.6976
1646,002420.SZ,20140617,5.2,5.21,5.16,5.17,5.23,-0.06,-1.15,12455.9,6444.1118
1647,002420.SZ,20140616,5.25,5.29,5.18,5.23,5.27,-0.04,-0.76,24097.51,12545.7151
1648,002420.SZ,20140613,5.16,5.4,5.14,5.27,5.18,0.09,1.74,41155.19,21818.9133
1649,002420.SZ,20140612,5.19,5.2,5.15,5.18,5.21,-0.03,-0.58,12716.21,6579.6449
1650,002420.SZ,20140611,5.19,5.22,5.15,5.21,5.19,0.02,0.39,14512.41,7522.7023
1651,002420.SZ,20140610,5.1,5.2,5.09,5.19,5.1,0.09,1.76,26572.97,13699.8038
1652,002420.SZ,20140609,5.12,5.16,5.08,5.1,5.12,-0.02,-0.39,13497.79,6917.8182
1653,002420.SZ,20140606,5.04,5.14,5.04,5.12,5.06,0.06,1.19,31999.4,16338.7107
1654,002420.SZ,20140605,5.01,5.07,5.0,5.06,5.01,0.05,1.0,10722.0,5407.8814
1655,002420.SZ,20140604,5.02,5.05,4.98,5.01,5.03,-0.02,-0.4,11114.33,5572.583
1656,002420.SZ,20140603,5.06,5.06,5.0,5.03,5.0,0.03,0.6,14479.81,7280.534
1657,002420.SZ,20140530,5.02,5.05,4.99,5.0,5.03,-0.03,-0.6,14482.94,7259.3789
1658,002420.SZ,20140529,5.12,5.12,5.03,5.03,5.13,-0.1,-1.95,12141.05,6147.055
1659,002420.SZ,20140528,5.05,5.13,5.0,5.13,5.05,0.08,1.58,24830.95,12571.5762
1660,002420.SZ,20140527,5.09,5.09,5.04,5.05,5.08,-0.03,-0.59,9471.87,4798.1581
1661,002420.SZ,20140526,5.04,5.09,5.03,5.08,5.04,0.04,0.79,11592.23,5870.5782
1662,002420.SZ,20140523,5.0,5.04,4.98,5.04,5.01,0.03,0.6,10777.21,5399.731
1663,002420.SZ,20140522,5.04,5.11,5.0,5.01,5.03,-0.02,-0.4,32064.75,16269.7464
1664,002420.SZ,20140521,5.01,5.05,4.99,5.03,5.0,0.03,0.6,11464.16,5754.0403
1665,002420.SZ,20140520,5.01,5.06,4.99,5.0,5.01,-0.01,-0.2,12879.83,6474.1602
1666,002420.SZ,20140519,4.9,5.01,4.88,5.01,4.94,0.07,1.42,16863.98,8365.8457
1667,002420.SZ,20140516,4.88,4.97,4.86,4.94,4.9,0.04,0.82,9021.75,4454.6133
1668,002420.SZ,20140515,5.02,5.05,4.88,4.9,5.03,-0.13,-2.58,14558.4,7237.5606
1669,002420.SZ,20140514,5.05,5.07,5.02,5.03,5.06,-0.03,-0.59,12128.85,6120.3137
1670,002420.SZ,20140513,5.03,5.1,4.99,5.06,5.0,0.06,1.2,23851.93,12025.7054
1671,002420.SZ,20140512,4.88,5.02,4.88,5.0,4.88,0.12,2.46,23840.18,11840.6607
1672,002420.SZ,20140509,4.94,4.98,4.83,4.88,4.92,-0.04,-0.81,24481.94,11958.0244
1673,002420.SZ,20140508,4.9,5.0,4.85,4.92,4.93,-0.01,-0.2,28401.2,14003.8697
1674,002420.SZ,20140507,5.1,5.1,4.9,4.93,5.1,-0.17,-3.33,29991.94,14965.4051
1675,002420.SZ,20140506,5.09,5.17,5.06,5.1,5.08,0.02,0.39,26296.83,13402.5134
1676,002420.SZ,20140505,5.03,5.1,5.02,5.08,5.04,0.04,0.79,23108.7,11702.3025
1677,002420.SZ,20140430,5.05,5.11,5.0,5.04,5.05,-0.01,-0.2,23815.01,11992.514
1678,002420.SZ,20140429,5.07,5.1,4.98,5.05,5.07,-0.02,-0.39,24504.18,12315.8649
1679,002420.SZ,20140428,5.32,5.32,5.07,5.07,5.32,-0.25,-4.7,19910.92,10248.7159
1680,002420.SZ,20140425,5.52,5.53,5.32,5.32,5.51,-0.19,-3.45,16543.15,8990.6362
1681,002420.SZ,20140424,5.55,5.59,5.51,5.51,5.56,-0.05,-0.9,6585.69,3657.2216
1682,002420.SZ,20140423,5.53,5.59,5.51,5.56,5.55,0.01,0.18,8615.64,4795.0185
1683,002420.SZ,20140422,5.53,5.59,5.48,5.55,5.55,0.0,0.0,10321.57,5706.1472
1684,002420.SZ,20140421,5.65,5.67,5.55,5.55,5.68,-0.13,-2.29,13059.94,7334.3486
1685,002420.SZ,20140418,5.62,5.68,5.6,5.68,5.63,0.05,0.89,14168.73,7999.0207
1686,002420.SZ,20140417,5.66,5.66,5.59,5.63,5.62,0.01,0.18,10442.49,5892.1634
1687,002420.SZ,20140416,5.6,5.64,5.58,5.62,5.62,0.0,0.0,14816.54,8307.1295
1688,002420.SZ,20140415,5.71,5.71,5.59,5.62,5.7,-0.08,-1.4,20542.72,11573.2823
1689,002420.SZ,20140414,5.71,5.74,5.65,5.7,5.71,-0.01,-0.18,19401.23,11024.436
1690,002420.SZ,20140411,5.63,5.76,5.62,5.71,5.63,0.08,1.42,43685.8,24968.2577
1691,002420.SZ,20140410,5.62,5.68,5.61,5.63,5.62,0.01,0.18,15280.2,8631.0221
1692,002420.SZ,20140409,5.61,5.66,5.6,5.62,5.62,0.0,0.0,14858.11,8363.7597
1693,002420.SZ,20140408,5.58,5.63,5.57,5.62,5.6,0.02,0.36,12399.7,6950.5869
1694,002420.SZ,20140404,5.58,5.61,5.55,5.6,5.57,0.03,0.54,8035.3,4490.2165
1695,002420.SZ,20140403,5.57,5.6,5.54,5.57,5.56,0.01,0.18,10955.63,6102.2211
1696,002420.SZ,20140402,5.57,5.58,5.54,5.56,5.56,0.0,0.0,10991.99,6111.7935
1697,002420.SZ,20140401,5.49,5.57,5.49,5.56,5.51,0.05,0.91,14728.3,8168.9463
1698,002420.SZ,20140331,5.51,5.55,5.45,5.51,5.52,-0.01,-0.18,15397.69,8453.4688
1699,002420.SZ,20140328,5.58,5.59,5.51,5.52,5.56,-0.04,-0.72,15616.23,8660.9597
1700,002420.SZ,20140327,5.65,5.68,5.56,5.56,5.66,-0.1,-1.77,18525.97,10394.8192
1701,002420.SZ,20140326,5.65,5.7,5.63,5.66,5.69,-0.03,-0.53,21294.18,12055.4295
1702,002420.SZ,20140325,5.69,5.72,5.65,5.69,5.69,0.0,0.0,27190.44,15458.9839
1703,002420.SZ,20140324,5.67,5.74,5.64,5.69,5.66,0.03,0.53,33084.51,18794.3854
1704,002420.SZ,20140321,5.59,5.68,5.54,5.66,5.6,0.06,1.07,28952.88,16210.9532
1705,002420.SZ,20140320,5.76,5.77,5.6,5.6,5.74,-0.14,-2.44,29655.1,16903.3314
1706,002420.SZ,20140319,5.7,5.77,5.55,5.74,5.7,0.04,0.7,32223.86,18181.902
1707,002420.SZ,20140318,5.7,5.72,5.68,5.7,5.71,-0.01,-0.18,11681.47,6656.884
1708,002420.SZ,20140317,5.61,5.71,5.57,5.71,5.64,0.07,1.24,14526.4,8220.0651
1709,002420.SZ,20140314,5.65,5.67,5.57,5.64,5.64,0.0,0.0,10002.77,5624.3892
1710,002420.SZ,20140313,5.59,5.64,5.55,5.64,5.59,0.05,0.89,8653.07,4854.6398
1711,002420.SZ,20140312,5.61,5.62,5.48,5.59,5.6,-0.01,-0.18,13752.48,7648.2718
1712,002420.SZ,20140311,5.59,5.64,5.54,5.6,5.59,0.01,0.18,11142.94,6224.6893
1713,002420.SZ,20140310,5.72,5.73,5.57,5.59,5.73,-0.14,-2.44,16464.99,9285.7563
1714,002420.SZ,20140307,5.8,5.81,5.73,5.73,5.79,-0.06,-1.04,12201.69,7041.5188
1715,002420.SZ,20140306,5.78,5.8,5.72,5.79,5.78,0.01,0.17,15207.59,8751.5611
1716,002420.SZ,20140305,5.85,5.85,5.76,5.78,5.85,-0.07,-1.2,13397.67,7760.9273
1717,002420.SZ,20140304,5.75,5.86,5.73,5.85,5.75,0.1,1.74,21492.61,12509.2409
1718,002420.SZ,20140303,5.68,5.83,5.67,5.75,5.68,0.07,1.23,20218.62,11653.6189
1719,002420.SZ,20140228,5.59,5.69,5.55,5.68,5.59,0.09,1.61,11644.93,6552.2412
1720,002420.SZ,20140227,5.68,5.74,5.58,5.59,5.68,-0.09,-1.58,19606.44,11140.7317
1721,002420.SZ,20140226,5.73,5.73,5.6,5.68,5.72,-0.04,-0.7,23109.82,13058.6452
1722,002420.SZ,20140225,5.89,5.99,5.69,5.72,5.9,-0.18,-3.05,34187.74,20118.2199
1723,002420.SZ,20140224,5.93,5.93,5.84,5.9,5.93,-0.03,-0.51,14354.54,8444.6895
1724,002420.SZ,20140221,5.93,5.97,5.89,5.93,5.93,0.0,0.0,15522.38,9201.2289
1725,002420.SZ,20140220,6.04,6.05,5.9,5.93,6.04,-0.11,-1.82,42573.34,25483.0661
1726,002420.SZ,20140219,6.03,6.09,5.99,6.04,6.05,-0.01,-0.17,36745.06,22194.1646
1727,002420.SZ,20140218,6.11,6.12,6.0,6.05,6.11,-0.06,-0.98,53536.36,32430.1068
1728,002420.SZ,20140217,6.02,6.18,5.97,6.11,5.99,0.12,2.0,62711.43,38049.7552
1729,002420.SZ,20140214,5.86,6.0,5.85,5.99,5.86,0.13,2.22,29978.23,17793.7091
1730,002420.SZ,20140213,5.97,5.98,5.83,5.86,5.97,-0.11,-1.84,28378.22,16785.2356
1731,002420.SZ,20140212,5.92,5.97,5.88,5.97,5.92,0.05,0.84,26001.1,15405.2352
1732,002420.SZ,20140211,5.94,6.0,5.89,5.92,5.94,-0.02,-0.34,22674.24,13434.7041
1733,002420.SZ,20140210,5.84,5.94,5.8,5.94,5.82,0.12,2.06,22680.45,13351.6008
1734,002420.SZ,20140207,5.72,5.82,5.7,5.82,5.75,0.07,1.22,14781.48,8534.5048
1735,002420.SZ,20140130,5.73,5.83,5.73,5.75,5.76,-0.01,-0.17,8167.24,4720.1148
1736,002420.SZ,20140129,5.71,5.78,5.7,5.76,5.73,0.03,0.52,10469.87,6010.0699
1737,002420.SZ,20140128,5.74,5.78,5.7,5.73,5.73,0.0,0.0,12074.29,6932.2836
1738,002420.SZ,20140127,5.7,5.79,5.7,5.73,5.74,-0.01,-0.17,13886.02,7987.1387
1739,002420.SZ,20140124,5.71,5.79,5.71,5.74,5.74,0.0,0.0,11625.61,6698.4214
1740,002420.SZ,20140123,5.78,5.81,5.71,5.74,5.78,-0.04,-0.69,14332.73,8246.2584
1741,002420.SZ,20140122,5.54,5.83,5.52,5.78,5.54,0.24,4.33,17173.8,9856.2596
1742,002420.SZ,20140121,5.48,5.56,5.45,5.54,5.45,0.09,1.65,8208.1,4539.6094
1743,002420.SZ,20140120,5.6,5.6,5.45,5.45,5.6,-0.15,-2.68,11277.57,6212.2661
1744,002420.SZ,20140117,5.68,5.73,5.55,5.6,5.71,-0.11,-1.93,12527.91,7007.2716
1745,002420.SZ,20140116,5.73,5.77,5.68,5.71,5.72,-0.01,-0.17,7062.85,4048.2754
1746,002420.SZ,20140115,5.69,5.83,5.67,5.72,5.69,0.03,0.53,10317.61,5927.3337
1747,002420.SZ,20140114,5.59,5.69,5.4,5.69,5.59,0.1,1.79,9479.25,5317.7166
1748,002420.SZ,20140113,5.62,5.68,5.55,5.59,5.62,-0.03,-0.53,7857.75,4397.7427
1749,002420.SZ,20140110,5.66,5.74,5.62,5.62,5.67,-0.05,-0.88,7985.47,4518.9017
1750,002420.SZ,20140109,5.69,5.84,5.62,5.67,5.73,-0.06,-1.05,14786.01,8526.8034
1751,002420.SZ,20140108,5.79,5.79,5.68,5.73,5.74,-0.01,-0.17,12646.11,7247.053
1752,002420.SZ,20140107,5.7,5.8,5.66,5.74,5.72,0.02,0.35,9291.51,5344.5875
1753,002420.SZ,20140106,6.04,6.04,5.7,5.72,6.0,-0.28,-4.67,21434.51,12489.9273
1754,002420.SZ,20140103,5.95,6.09,5.9,6.0,5.96,0.04,0.67,25384.49,15267.7402
1755,002420.SZ,20140102,5.9,5.99,5.88,5.96,5.9,0.06,1.02,11859.91,7057.4099
1756,002420.SZ,20131231,5.89,5.96,5.86,5.9,5.91,-0.01,-0.17,10520.27,6223.3954
1757,002420.SZ,20131230,5.99,5.99,5.88,5.91,5.92,-0.01,-0.17,15625.99,9254.0282
1758,002420.SZ,20131227,5.78,6.01,5.73,5.92,5.73,0.19,3.32,25754.38,15206.2527
1759,002420.SZ,20131226,5.88,5.89,5.72,5.73,5.88,-0.15,-2.55,15464.85,8986.2383
1760,002420.SZ,20131225,5.82,5.91,5.81,5.88,5.84,0.04,0.68,9702.12,5682.3065
1761,002420.SZ,20131224,5.8,5.94,5.8,5.84,5.85,-0.01,-0.17,16788.59,9834.5892
1762,002420.SZ,20131223,6.02,6.03,5.64,5.85,5.98,-0.13,-2.17,23406.88,13643.902
1763,002420.SZ,20131220,6.01,6.06,5.87,5.98,6.06,-0.08,-1.32,24997.9,14883.2425
1764,002420.SZ,20131219,6.18,6.29,6.0,6.06,6.16,-0.1,-1.62,37018.67,22630.9193
1765,002420.SZ,20131218,6.09,6.4,6.04,6.16,6.1,0.06,0.98,68756.15,42859.5606
1766,002420.SZ,20131217,6.05,6.36,5.93,6.1,6.07,0.03,0.49,56519.91,34698.345
1767,002420.SZ,20131216,6.26,6.28,6.04,6.07,6.26,-0.19,-3.04,32741.39,20063.5006
1768,002420.SZ,20131213,6.08,6.4,6.05,6.26,6.12,0.14,2.29,58815.99,36852.8976
1769,002420.SZ,20131212,6.15,6.18,6.08,6.12,6.12,0.0,0.0,11643.25,7129.9453
1770,002420.SZ,20131211,6.22,6.22,6.07,6.12,6.21,-0.09,-1.45,24190.75,14797.9281
1771,002420.SZ,20131210,5.88,6.41,5.83,6.21,5.92,0.29,4.9,116963.17,72721.2308
1772,002420.SZ,20131209,5.9,5.94,5.85,5.92,5.9,0.02,0.34,14383.47,8479.2976
1773,002420.SZ,20131206,5.85,6.06,5.8,5.9,5.85,0.05,0.85,21146.13,12499.071
1774,002420.SZ,20131205,5.9,5.9,5.75,5.85,5.83,0.02,0.34,17731.86,10341.3628
1775,002420.SZ,20131204,5.7,5.86,5.66,5.83,5.7,0.13,2.28,20402.12,11800.5914
1776,002420.SZ,20131203,5.56,5.7,5.56,5.7,5.56,0.14,2.52,14859.22,8382.5231
1777,002420.SZ,20131202,5.99,5.99,5.53,5.56,6.03,-0.47,-7.79,29161.67,16774.3677
1778,002420.SZ,20131129,6.04,6.11,6.03,6.03,6.06,-0.03,-0.5,21284.59,12903.2113
1779,002420.SZ,20131128,6.07,6.15,6.05,6.06,6.06,0.0,0.0,20708.5,12648.6554
1780,002420.SZ,20131127,6.02,6.1,6.0,6.06,6.02,0.04,0.66,16998.19,10319.5185
1781,002420.SZ,20131126,6.0,6.1,6.0,6.02,6.0,0.02,0.33,14791.33,8954.963
1782,002420.SZ,20131125,5.96,6.07,5.9,6.0,5.96,0.04,0.67,11344.46,6811.2536
1783,002420.SZ,20131122,6.08,6.13,5.95,5.96,6.08,-0.12,-1.97,17984.6,10816.0538
1784,002420.SZ,20131121,6.05,6.11,6.02,6.08,6.1,-0.02,-0.33,20878.57,12676.4994
1785,002420.SZ,20131120,5.99,6.22,5.94,6.1,6.04,0.06,0.99,44050.98,26811.8594
1786,002420.SZ,20131119,6.15,6.18,5.98,6.04,6.24,-0.2,-3.21,70142.6,42523.0552
1787,002420.SZ,20131118,5.7,6.25,5.65,6.24,5.68,0.56,9.86,107608.06,65724.6308
1788,002420.SZ,20131115,5.53,5.71,5.53,5.68,5.54,0.14,2.53,17095.62,9651.1679
1789,002420.SZ,20131114,5.62,5.62,5.47,5.54,5.59,-0.05,-0.8945,11756.25,6499.0321
1790,002420.SZ,20131113,5.68,5.69,5.57,5.59,5.63,-0.04,-0.71,5333.9,2994.3836
1791,002420.SZ,20131112,5.59,5.67,5.56,5.63,5.59,0.04,0.72,6871.01,3872.2676
1792,002420.SZ,20131111,5.5,5.64,5.5,5.59,5.52,0.07,1.27,8557.1,4769.8675
1793,002420.SZ,20131108,5.5,5.6,5.46,5.52,5.52,0.0,0.0,5677.92,3137.6084
1794,002420.SZ,20131107,5.69,5.69,5.51,5.52,5.65,-0.13,-2.3,6645.55,3712.1066
1795,002420.SZ,20131106,5.73,5.73,5.65,5.65,5.73,-0.08,-1.4,8052.4,4581.6155
1796,002420.SZ,20131105,5.74,5.78,5.67,5.73,5.72,0.01,0.17,5691.01,3255.3977
1797,002420.SZ,20131104,5.67,5.79,5.6,5.72,5.6,0.12,2.14,10555.28,6004.4002
1798,002420.SZ,20131101,5.62,5.65,5.54,5.6,5.63,-0.03,-0.53,9806.0,5482.933
1799,002420.SZ,20131031,5.56,5.63,5.51,5.63,5.56,0.07,1.26,14373.12,8056.8421
1800,002420.SZ,20131030,5.55,5.57,5.44,5.56,5.51,0.05,0.91,11916.51,6578.0532
1801,002420.SZ,20131029,5.82,5.87,5.42,5.51,5.82,-0.31,-5.33,19812.33,11099.6701
1802,002420.SZ,20131028,6.01,6.01,5.81,5.82,6.01,-0.19,-3.16,13054.06,7673.971
1803,002420.SZ,20131025,6.02,6.02,5.92,6.01,5.95,0.06,1.01,12557.55,7495.6877
1804,002420.SZ,20131024,6.04,6.06,5.91,5.95,6.03,-0.08,-1.33,10405.59,6211.0777
1805,002420.SZ,20131023,6.09,6.16,6.0,6.03,6.08,-0.05,-0.82,21037.43,12786.5503
1806,002420.SZ,20131022,6.14,6.15,6.05,6.08,6.13,-0.05,-0.82,20272.25,12346.4237
1807,002420.SZ,20131021,6.0,6.22,5.95,6.13,5.99,0.14,2.34,44098.93,26909.6292
1808,002420.SZ,20131018,5.95,6.0,5.9,5.99,5.93,0.06,1.01,13766.86,8221.6636
1809,002420.SZ,20131017,5.9,6.03,5.9,5.93,5.88,0.05,0.85,19147.95,11408.9143
1810,002420.SZ,20131016,6.0,6.02,5.86,5.88,6.02,-0.14,-2.33,15311.44,9078.3288
1811,002420.SZ,20131015,6.07,6.08,5.97,6.02,6.08,-0.06,-0.99,26705.11,16058.635
1812,002420.SZ,20131014,6.12,6.14,6.05,6.08,6.07,0.01,0.16,28796.72,17506.15
1813,002420.SZ,20131011,6.05,6.13,6.03,6.07,6.03,0.04,0.66,28977.35,17621.7649
1814,002420.SZ,20131010,6.11,6.11,6.02,6.03,6.1,-0.07,-1.15,18641.13,11287.8546
1815,002420.SZ,20131009,6.0,6.1,5.99,6.1,6.01,0.09,1.5,21308.06,12896.0152
1816,002420.SZ,20131008,5.93,6.02,5.9,6.01,5.93,0.08,1.35,14857.13,8875.2603
1817,002420.SZ,20130930,5.87,5.95,5.87,5.93,5.87,0.06,1.02,10231.6,6053.0595
1818,002420.SZ,20130927,5.82,5.91,5.82,5.87,5.81,0.06,1.03,15371.49,9027.4999
1819,002420.SZ,20130926,6.0,6.0,5.81,5.81,6.01,-0.2,-3.33,20748.35,12276.6358
1820,002420.SZ,20130925,6.04,6.04,5.98,6.01,6.02,-0.01,-0.17,19775.28,11877.7621
1821,002420.SZ,20130924,6.09,6.09,5.98,6.02,6.08,-0.06,-0.99,26184.7,15763.3618
1822,002420.SZ,20130923,6.05,6.1,6.0,6.08,6.04,0.04,0.66,38251.34,23140.0213
1823,002420.SZ,20130918,6.14,6.24,6.01,6.04,6.17,-0.13,-2.11,38452.06,23295.6252
1824,002420.SZ,20130917,6.44,6.46,6.14,6.17,6.41,-0.24,-3.74,23332.54,14646.1663
1825,002420.SZ,20130916,6.46,6.47,6.4,6.41,6.42,-0.01,-0.16,16158.0,10408.4887
1826,002420.SZ,20130913,6.53,6.54,6.35,6.42,6.53,-0.11,-1.68,26479.14,17018.7284
1827,002420.SZ,20130912,6.51,6.54,6.45,6.53,6.49,0.04,0.62,17627.52,11451.971
1828,002420.SZ,20130911,6.54,6.56,6.41,6.49,6.52,-0.03,-0.46,19554.52,12661.7355
1829,002420.SZ,20130910,6.49,6.55,6.46,6.52,6.49,0.03,0.46,18379.88,11946.2469
1830,002420.SZ,20130909,6.43,6.5,6.38,6.49,6.42,0.07,1.09,19434.18,12524.4271
1831,002420.SZ,20130906,6.3,6.46,6.25,6.42,6.31,0.11,1.74,29350.1,18698.5806
1832,002420.SZ,20130905,6.34,6.34,6.26,6.31,6.34,-0.03,-0.47,13246.96,8349.3271
1833,002420.SZ,20130904,6.35,6.4,6.31,6.34,6.35,-0.01,-0.16,12190.19,7739.8737
1834,002420.SZ,20130903,6.34,6.37,6.3,6.35,6.31,0.04,0.63,20185.45,12793.7299
1835,002420.SZ,20130902,6.27,6.37,6.23,6.31,6.26,0.05,0.8,19721.33,12419.1236
1836,002420.SZ,20130830,6.53,6.54,6.26,6.26,6.53,-0.27,-4.13,28217.14,17930.0245
1837,002420.SZ,20130829,6.6,6.61,6.48,6.53,6.65,-0.12,-1.8,31061.82,20396.7329
1838,002420.SZ,20130828,6.38,6.67,6.27,6.65,6.42,0.23,3.58,28221.71,18074.6299
1839,002420.SZ,20130827,6.34,6.42,6.33,6.42,6.35,0.07,1.1,16199.9,10338.4032
1840,002420.SZ,20130826,6.25,6.36,6.23,6.35,6.23,0.12,1.93,17012.96,10727.6437
1841,002420.SZ,20130823,6.44,6.48,6.11,6.23,6.48,-0.25,-3.86,26631.48,16730.1128
1842,002420.SZ,20130822,6.42,6.5,6.41,6.48,6.41,0.07,1.09,14092.37,9101.3647
1843,002420.SZ,20130821,6.4,6.41,6.32,6.41,6.4,0.01,0.16,14298.11,9106.4743
1844,002420.SZ,20130820,6.35,6.45,6.33,6.4,6.39,0.01,0.16,20408.54,13044.7013
1845,002420.SZ,20130819,6.31,6.43,6.28,6.39,6.39,0.0,0.0,21088.81,13407.2413
1846,002420.SZ,20130816,6.74,6.76,6.38,6.39,6.73,-0.34,-5.05,37706.23,24902.0199
1847,002420.SZ,20130815,6.7,6.83,6.65,6.73,6.73,0.0,0.0,25412.02,17190.9501
1848,002420.SZ,20130814,6.91,6.95,6.69,6.73,6.91,-0.18,-2.6,47720.45,32449.1007
1849,002420.SZ,20130813,6.9,6.95,6.83,6.91,6.92,-0.01,-0.14,34858.25,24022.0653
1850,002420.SZ,20130812,6.75,6.94,6.62,6.92,6.72,0.2,2.98,77893.72,53589.8269
1851,002420.SZ,20130809,6.77,6.77,6.59,6.72,6.74,-0.02,-0.3,40592.44,27139.0813
1852,002420.SZ,20130808,6.6,6.77,6.6,6.74,6.62,0.12,1.81,48832.94,32719.1198
1853,002420.SZ,20130807,6.76,6.8,6.6,6.62,6.8,-0.18,-2.65,49187.92,32839.1682
1854,002420.SZ,20130806,6.86,6.88,6.56,6.8,6.91,-0.11,-1.59,90771.58,60796.1324
1855,002420.SZ,20130805,6.89,7.03,6.8,6.91,6.86,0.05,0.73,70969.24,48930.0779
1856,002420.SZ,20130802,7.0,7.34,6.77,6.86,7.18,-0.32,-4.46,121675.38,85073.4517
1857,002420.SZ,20130801,7.09,7.5,7.05,7.18,7.19,-0.01,-0.14,120994.74,87926.809
1858,002420.SZ,20130731,6.82,7.38,6.81,7.19,6.91,0.28,4.05,97183.27,69815.023
1859,002420.SZ,20130730,6.97,7.11,6.67,6.91,6.89,0.02,0.29,45163.65,31217.6833
1860,002420.SZ,20130729,6.88,7.01,6.75,6.89,6.9,-0.01,-0.14,30419.26,20969.9348
1861,002420.SZ,20130726,6.75,7.02,6.66,6.9,6.79,0.11,1.62,37710.39,25943.5271
1862,002420.SZ,20130725,7.04,7.04,6.59,6.79,6.98,-0.19,-2.72,54058.08,36663.3439
1863,002420.SZ,20130724,7.0,7.12,6.8,6.98,7.04,-0.06,-0.85,66175.82,45975.4289
1864,002420.SZ,20130723,6.5,7.12,6.5,7.04,6.48,0.56,8.64,110008.43,75929.1545
1865,002420.SZ,20130722,6.12,6.58,6.12,6.48,6.2,0.28,4.52,77552.73,49921.0439
1866,002420.SZ,20130719,6.03,6.4,6.03,6.2,6.09,0.11,1.81,93085.13,57853.8581
1867,002420.SZ,20130718,5.98,6.29,5.89,6.09,6.0,0.09,1.5,65913.1,40302.5171
1868,002420.SZ,20130717,5.99,6.09,5.9,6.0,6.02,-0.02,-0.33,45570.99,27401.0133
1869,002420.SZ,20130716,5.75,6.03,5.75,6.02,5.8,0.22,3.79,50441.65,29809.5184
1870,002420.SZ,20130715,5.69,5.85,5.68,5.8,5.86,-0.06,-1.02,50634.03,29097.6793
1871,002420.SZ,20130712,5.93,6.06,5.82,5.86,5.95,-0.09,-1.51,31081.34,18465.294
1872,002420.SZ,20130711,5.75,6.06,5.71,5.95,5.75,0.2,3.48,39250.03,23328.5623
1873,002420.SZ,20130710,5.59,5.77,5.56,5.75,5.59,0.16,2.86,18150.68,10348.0966
1874,002420.SZ,20130709,5.55,5.65,5.49,5.59,5.59,0.0,0.0,14406.66,8014.3601
1875,002420.SZ,20130708,6.02,6.03,5.53,5.59,6.01,-0.42,-6.99,25145.11,14552.8688
1876,002420.SZ,20130705,5.81,6.01,5.81,6.01,5.83,0.18,3.09,40561.93,23988.8767
1877,002420.SZ,20130704,5.79,5.92,5.72,5.83,5.82,0.01,0.17,28678.22,16779.6541
1878,002420.SZ,20130703,5.93,5.93,5.66,5.82,5.93,-0.11,-1.86,31803.73,18402.919
1879,002420.SZ,20130702,5.79,5.98,5.74,5.93,5.79,0.14,2.42,35114.17,20687.5871
1880,002420.SZ,20130701,5.74,5.79,5.61,5.79,5.69,0.1,1.76,18382.47,10520.8929
1881,002420.SZ,20130628,5.79,5.98,5.58,5.69,5.87,-0.18,-3.07,32235.69,18580.7034
1882,002420.SZ,20130627,5.78,6.25,5.77,5.87,5.82,0.05,0.86,63789.33,38062.4387
1883,002420.SZ,20130626,5.75,5.86,5.58,5.82,5.77,0.05,0.87,50713.43,29050.9556
1884,002420.SZ,20130625,5.83,5.88,5.35,5.77,5.94,-0.17,-2.86,60152.12,33658.9591
1885,002420.SZ,20130624,6.52,6.6,5.94,5.94,6.6,-0.66,-10.0,66406.75,40536.2682
1886,002420.SZ,20130621,6.5,6.68,6.46,6.6,6.73,-0.13,-1.93,33040.58,21781.1095
1887,002420.SZ,20130620,7.06,7.12,6.62,6.73,7.15,-0.42,-5.87,57841.82,39820.1381
1888,002420.SZ,20130619,7.0,7.23,6.85,7.15,7.12,0.03,0.42,61422.48,43383.2573
1889,002420.SZ,20130618,7.31,7.36,7.0,7.12,7.45,-0.33,-4.43,101086.86,72405.4509
1890,002420.SZ,20130617,7.65,7.98,7.43,7.45,7.75,-0.3,-3.87,121919.09,93708.329
1891,002420.SZ,20130614,7.45,7.8,7.19,7.75,7.44,0.31,4.17,128232.73,96327.1991
1892,002420.SZ,20130613,7.4,7.48,6.94,7.44,7.71,-0.27,-3.5,117761.56,85187.4937
1893,002420.SZ,20130607,7.2,7.95,7.14,7.71,7.33,0.38,5.18,204033.24,156549.3462
1894,002420.SZ,20130606,7.3,7.6,7.18,7.33,7.11,0.22,3.09,194559.39,144040.9504
1895,002420.SZ,20130605,6.77,7.11,6.75,7.11,6.46,0.65,10.06,60213.31,42256.8035
1896,002420.SZ,20130604,6.77,6.77,6.33,6.46,6.77,-0.31,-4.58,33032.68,21559.9877
1897,002420.SZ,20130603,6.72,6.79,6.7,6.77,6.72,0.05,0.74,25205.68,17002.2879
1898,002420.SZ,20130531,6.81,6.9,6.7,6.72,6.81,-0.09,-1.32,35194.11,23959.9888
1899,002420.SZ,20130530,6.98,7.05,6.81,6.81,7.02,-0.21,-2.99,41612.09,28595.642
1900,002420.SZ,20130529,6.98,7.04,6.93,7.02,6.95,0.07,1.01,35109.54,24550.1775
1901,002420.SZ,20130528,7.13,7.14,6.87,6.95,7.16,-0.21,-2.93,52353.26,36435.0467
1902,002420.SZ,20130527,7.23,7.27,7.1,7.16,7.23,-0.07,-0.97,50698.01,36281.0655
1903,002420.SZ,20130524,6.95,7.25,6.95,7.23,7.01,0.22,3.14,68289.09,48809.9057
1904,002420.SZ,20130523,6.85,7.2,6.77,7.01,6.92,0.09,1.3,76235.54,53831.9344
1905,002420.SZ,20130522,7.0,7.04,6.84,6.92,7.0,-0.08,-1.14,45441.84,31465.6161
1906,002420.SZ,20130521,6.88,7.03,6.79,7.0,6.94,0.06,0.86,84406.22,58351.9328
1907,002420.SZ,20130520,6.58,7.05,6.5,6.94,6.56,0.38,5.79,98998.52,66871.6645
1908,002420.SZ,20130517,6.45,6.58,6.4,6.56,6.48,0.08,1.23,38177.82,24847.2454
1909,002420.SZ,20130516,6.45,6.61,6.3,6.48,6.45,0.03,0.47,57053.13,37072.6092
1910,002420.SZ,20130515,6.17,6.52,6.15,6.45,6.21,0.24,3.86,32093.98,20572.493
1911,002420.SZ,20130514,6.41,6.41,6.14,6.21,6.44,-0.23,-3.57,30710.7,19167.3975
1912,002420.SZ,20130513,6.51,6.61,6.41,6.44,6.5,-0.06,-0.92,20132.22,12991.7059
1913,002420.SZ,20130510,6.46,6.64,6.42,6.52,6.55,-0.03,-0.46,43581.16,28415.8794
1914,002420.SZ,20130509,6.31,6.66,6.3,6.55,6.25,0.3,4.8,81371.02,53209.2513
1915,002420.SZ,20130508,6.21,6.27,6.15,6.25,6.21,0.04,0.64,22014.99,13678.1228
1916,002420.SZ,20130507,6.15,6.23,6.08,6.21,6.14,0.07,1.14,15927.59,9795.9567
1917,002420.SZ,20130506,6.02,6.18,6.02,6.14,6.02,0.12,1.99,15399.38,9395.9032
1918,002420.SZ,20130503,5.96,6.08,5.93,6.02,5.91,0.11,1.86,14156.19,8538.3357
1919,002420.SZ,20130502,5.88,5.98,5.86,5.91,5.89,0.02,0.34,10244.68,6069.7698
1920,002420.SZ,20130426,6.05,6.09,5.86,5.89,6.05,-0.16,-2.64,17255.0,10293.3464
1921,002420.SZ,20130425,6.32,6.32,6.05,6.05,6.36,-0.31,-4.87,32890.3,20243.0753
1922,002420.SZ,20130424,6.28,6.36,6.22,6.36,6.2,0.16,2.58,18221.87,11467.1374
1923,002420.SZ,20130423,6.4,6.45,6.18,6.2,6.44,-0.24,-3.73,26289.13,16519.2886
1924,002420.SZ,20130422,6.54,6.58,6.39,6.44,6.61,-0.17,-2.57,36603.78,23649.814
1925,002420.SZ,20130419,6.48,6.64,6.47,6.61,6.52,0.09,1.38,40287.29,26524.4663
1926,002420.SZ,20130418,6.4,6.55,6.34,6.52,6.42,0.1,1.56,22901.72,14816.2825
1927,002420.SZ,20130417,6.44,6.45,6.33,6.42,6.44,-0.02,-0.31,15528.73,9936.3796
1928,002420.SZ,20130416,6.22,6.46,6.22,6.44,6.35,0.09,1.42,18733.24,11960.1628
1929,002420.SZ,20130415,6.34,6.35,6.22,6.35,6.35,0.0,0.0,14683.51,9254.2753
1930,002420.SZ,20130412,6.37,6.39,6.2,6.35,6.4,-0.05,-0.78,21266.98,13404.3935
1931,002420.SZ,20130411,6.4,6.59,6.37,6.4,6.39,0.01,0.16,25278.84,16399.253
1932,002420.SZ,20130410,6.54,6.55,6.28,6.39,6.52,-0.13,-1.99,25657.37,16412.6388
1933,002420.SZ,20130409,6.5,6.59,6.46,6.52,6.61,-0.09,-1.36,29523.27,19257.3247
1934,002420.SZ,20130408,6.3,6.76,6.24,6.61,6.41,0.2,3.12,28568.6,18540.5208
1935,002420.SZ,20130403,6.6,6.61,6.36,6.41,6.6,-0.19,-2.88,24254.03,15631.4201
1936,002420.SZ,20130402,6.8,6.89,6.58,6.6,6.88,-0.28,-4.07,25191.31,16910.6583
1937,002420.SZ,20130401,6.8,6.96,6.71,6.88,6.8,0.08,1.18,20564.41,14021.7145
1938,002420.SZ,20130329,6.68,6.88,6.61,6.8,6.66,0.14,2.1,23735.29,16033.6159
1939,002420.SZ,20130328,7.0,7.0,6.66,6.66,7.02,-0.36,-5.13,27738.98,18692.7348
1940,002420.SZ,20130327,6.99,7.1,6.96,7.02,7.02,0.0,0.0,16420.95,11531.1173
1941,002420.SZ,20130326,7.09,7.09,6.91,7.02,7.12,-0.1,-1.4,27157.35,18973.993
1942,002420.SZ,20130325,7.3,7.3,7.05,7.12,7.29,-0.17,-2.33,36361.21,25932.2246
1943,002420.SZ,20130322,7.35,7.41,7.25,7.29,7.44,-0.15,-2.02,38708.13,28312.8269
1944,002420.SZ,20130321,7.18,7.47,7.18,7.44,7.22,0.22,3.05,68946.01,50328.0392
1945,002420.SZ,20130320,7.14,7.28,7.06,7.22,7.11,0.11,1.55,52036.55,37371.6531
1946,002420.SZ,20130319,6.9,7.11,6.82,7.11,6.9,0.21,3.04,28458.01,19919.8621
1947,002420.SZ,20130318,7.05,7.14,6.89,6.9,7.15,-0.25,-3.5,31839.38,22294.8744
1948,002420.SZ,20130315,7.11,7.4,6.91,7.15,7.1,0.05,0.7,55113.45,39851.697
1949,002420.SZ,20130314,7.01,7.18,7.01,7.1,7.09,0.01,0.14,27358.39,19457.9138
1950,002420.SZ,20130313,7.12,7.22,6.89,7.09,7.19,-0.1,-1.39,37029.59,26143.9387
1951,002420.SZ,20130312,7.51,7.57,7.02,7.19,7.55,-0.36,-4.77,58004.1,42323.9076
1952,002420.SZ,20130311,7.4,7.65,7.33,7.55,7.48,0.07,0.94,40464.65,30454.2993
1953,002420.SZ,20130308,7.57,7.65,7.35,7.48,7.61,-0.13,-1.71,63184.86,47321.6169
1954,002420.SZ,20130307,7.9,7.97,7.6,7.61,8.09,-0.48,-5.93,102076.09,78965.1884
1955,002420.SZ,20130306,7.71,8.22,7.56,8.09,7.78,0.31,3.98,156817.05,124621.121
1956,002420.SZ,20130305,7.6,7.84,7.45,7.78,7.64,0.14,1.83,118237.46,90632.2757
1957,002420.SZ,20130304,8.0,8.22,7.57,7.64,8.3,-0.66,-7.95,159552.89,126307.7048
1958,002420.SZ,20130301,8.0,8.83,7.93,8.3,8.22,0.08,0.97,243880.91,203598.9434
1959,002420.SZ,20130228,8.32,8.35,7.9,8.22,7.71,0.51,6.61,273306.15,222096.9269
1960,002420.SZ,20130227,6.89,7.71,6.77,7.71,7.01,0.7,9.99,108337.41,79538.2805
1961,002420.SZ,20130226,7.06,7.46,6.85,7.01,7.06,-0.05,-0.71,173022.88,124001.2016
1962,002420.SZ,20130225,6.35,7.06,6.23,7.06,6.42,0.64,9.97,134816.41,91393.5373
1963,002420.SZ,20130222,6.34,6.77,6.31,6.42,6.2,0.22,3.55,82753.82,53722.0935
1964,002420.SZ,20130221,6.35,6.35,6.14,6.2,6.34,-0.14,-2.21,28555.27,17861.0449
1965,002420.SZ,20130220,6.23,6.35,6.2,6.34,6.25,0.09,1.44,24847.67,15642.5148
1966,002420.SZ,20130219,6.35,6.4,6.2,6.25,6.37,-0.12,-1.88,29603.05,18676.2063
1967,002420.SZ,20130218,6.38,6.41,6.31,6.37,6.37,0.0,0.0,32628.32,20761.3051
1968,002420.SZ,20130208,6.35,6.4,6.32,6.37,6.36,0.01,0.16,29906.3,19043.4383
1969,002420.SZ,20130207,6.43,6.46,6.35,6.36,6.4,-0.04,-0.63,36439.89,23293.5046
1970,002420.SZ,20130206,6.4,6.49,6.31,6.4,6.44,-0.04,-0.62,59405.42,37912.5671
1971,002420.SZ,20130205,6.6,6.6,6.33,6.44,6.68,-0.24,-3.59,128273.23,82515.4025
1972,002420.SZ,20130204,6.06,6.68,6.0,6.68,6.07,0.61,10.05,131248.46,85505.0624
1973,002420.SZ,20130201,6.0,6.07,5.98,6.07,6.0,0.07,1.17,9381.61,5666.4345
1974,002420.SZ,20130131,6.05,6.07,5.98,6.0,6.05,-0.05,-0.83,9728.68,5843.47
1975,002420.SZ,20130130,6.06,6.09,5.96,6.05,6.07,-0.02,-0.33,20299.7,12181.3849
1976,002420.SZ,20130129,6.02,6.08,6.02,6.07,6.02,0.05,0.83,9563.54,5792.0626
1977,002420.SZ,20130128,5.86,6.04,5.86,6.02,5.86,0.16,2.73,8883.06,5327.7549
1978,002420.SZ,20130125,5.91,5.97,5.86,5.86,5.93,-0.07,-1.18,7713.38,4557.4575
1979,002420.SZ,20130124,6.02,6.18,5.9,5.93,6.05,-0.12,-1.98,16265.0,9837.7944
1980,002420.SZ,20130123,6.01,6.07,5.93,6.05,6.0,0.05,0.83,13053.89,7840.0014
1981,002420.SZ,20130122,6.28,6.3,5.98,6.0,6.27,-0.27,-4.31,32982.17,20261.3834
1982,002420.SZ,20130121,6.23,6.3,6.21,6.27,6.23,0.04,0.64,15036.94,9413.0083
1983,002420.SZ,20130118,6.1,6.24,6.1,6.23,6.14,0.09,1.47,14639.6,9056.7862
1984,002420.SZ,20130117,6.23,6.32,6.06,6.14,6.27,-0.13,-2.07,21682.41,13404.8469
1985,002420.SZ,20130116,6.34,6.34,6.19,6.27,6.33,-0.06,-0.95,22982.3,14410.6482
1986,002420.SZ,20130115,6.27,6.4,6.18,6.33,6.23,0.1,1.61,44131.04,27723.9741
1987,002420.SZ,20130114,6.05,6.24,6.01,6.23,6.05,0.18,2.98,27735.25,17080.4662
1988,002420.SZ,20130111,6.24,6.27,6.01,6.05,6.24,-0.19,-3.04,22366.96,13734.0569
1989,002420.SZ,20130110,6.15,6.28,6.15,6.24,6.2,0.04,0.65,26465.65,16441.2995
1990,002420.SZ,20130109,6.21,6.25,6.12,6.2,6.21,-0.01,-0.16,22769.0,14082.5089
1991,002420.SZ,20130108,6.25,6.28,6.16,6.21,6.29,-0.08,-1.27,26211.21,16281.1917
1992,002420.SZ,20130107,6.27,6.41,6.19,6.29,6.42,-0.13,-2.02,39605.66,24857.2408
1993,002420.SZ,20130104,6.28,6.87,6.24,6.42,6.25,0.17,2.72,60865.49,39717.1587
1994,002420.SZ,20121231,6.23,6.35,6.23,6.25,6.22,0.03,0.48,25987.21,16364.5644
1995,002420.SZ,20121228,6.15,6.37,6.02,6.22,6.12,0.1,1.63,49236.47,30853.0659
1996,002420.SZ,20121227,5.99,6.52,5.99,6.12,5.93,0.19,3.2,48018.29,30250.3255
1997,002420.SZ,20121226,5.87,5.93,5.85,5.93,5.88,0.05,0.85,12676.92,7481.7548
1998,002420.SZ,20121225,5.78,5.92,5.69,5.88,5.69,0.19,3.34,22206.74,12963.4711
1999,002420.SZ,20121224,5.67,5.71,5.58,5.69,5.66,0.03,0.53,14913.95,8455.9989
2000,002420.SZ,20121221,5.51,5.68,5.48,5.66,5.58,0.08,1.43,16880.03,9428.0296
2001,002420.SZ,20121220,5.6,5.6,5.47,5.58,5.6,-0.02,-0.36,10356.67,5728.6729
2002,002420.SZ,20121219,5.45,5.8,5.45,5.6,5.52,0.08,1.45,13457.05,7511.6665
2003,002420.SZ,20121218,5.55,5.6,5.48,5.52,5.61,-0.09,-1.6,14979.12,8283.9855
2004,002420.SZ,20121217,5.66,5.91,5.52,5.61,5.41,0.2,3.7,31061.25,17697.9645
2005,002420.SZ,20121214,5.18,5.43,5.18,5.41,5.2,0.21,4.04,14159.93,7572.9225
2006,002420.SZ,20121213,5.28,5.3,5.2,5.2,5.3,-0.1,-1.89,4167.64,2185.5244
2007,002420.SZ,20121212,5.31,5.37,5.24,5.3,5.31,-0.01,-0.19,6057.06,3206.9437
2008,002420.SZ,20121211,5.4,5.4,5.3,5.31,5.44,-0.13,-2.39,11211.1,5980.7313
2009,002420.SZ,20121210,5.3,5.6,5.19,5.44,5.22,0.22,4.21,14195.92,7573.0
2010,002420.SZ,20121207,5.1,5.24,5.07,5.22,5.11,0.11,2.15,8407.23,4351.9114
2011,002420.SZ,20121206,5.14,5.14,5.08,5.11,5.11,0.0,0.0,5038.07,2572.6986
2012,002420.SZ,20121205,4.95,5.15,4.95,5.11,4.95,0.16,3.23,8503.09,4332.0067
2013,002420.SZ,20121204,4.85,4.98,4.83,4.95,4.85,0.1,2.06,6536.8,3203.6301
2014,002420.SZ,20121203,5.06,5.07,4.85,4.85,5.06,-0.21,-4.15,4627.8,2302.5898
2015,002420.SZ,20121130,5.0,5.09,5.0,5.06,5.0,0.06,1.2,3128.61,1577.826
2016,002420.SZ,20121129,5.09,5.13,4.96,5.0,5.07,-0.07,-1.38,7184.42,3611.5333
2017,002420.SZ,20121128,5.27,5.27,5.06,5.07,5.25,-0.18,-3.43,4781.0,2449.5219
2018,002420.SZ,20121127,5.59,5.62,5.22,5.25,5.58,-0.33,-5.91,5815.62,3115.0545
2019,002420.SZ,20121126,5.63,5.74,5.55,5.58,5.67,-0.09,-1.59,3862.0,2184.7473
2020,002420.SZ,20121123,5.59,5.69,5.59,5.67,5.62,0.05,0.89,6105.92,3456.6532
2021,002420.SZ,20121122,5.61,5.65,5.56,5.62,5.63,-0.01,-0.18,4997.73,2798.4736
2022,002420.SZ,20121121,5.56,5.64,5.5,5.63,5.56,0.07,1.26,6661.64,3712.9559
2023,002420.SZ,20121120,5.6,5.61,5.54,5.56,5.57,-0.01,-0.18,4427.0,2468.926
2024,002420.SZ,20121119,5.57,5.59,5.5,5.57,5.57,0.0,0.0,4849.94,2686.5341
2025,002420.SZ,20121116,5.64,5.7,5.52,5.57,5.66,-0.09,-1.59,5531.41,3079.8477
2026,002420.SZ,20121115,5.91,5.93,5.65,5.66,5.94,-0.28,-4.71,8315.62,4792.6538
2027,002420.SZ,20121114,5.83,5.96,5.82,5.94,5.87,0.07,1.19,5342.75,3147.0227
2028,002420.SZ,20121113,5.94,5.94,5.85,5.87,5.94,-0.07,-1.18,5218.99,3073.8258
2029,002420.SZ,20121112,5.9,5.97,5.86,5.94,5.88,0.06,1.02,3417.63,2021.4191
2030,002420.SZ,20121109,5.87,5.91,5.83,5.88,5.88,0.0,0.0,3557.16,2084.9867
2031,002420.SZ,20121108,5.99,5.99,5.87,5.88,6.01,-0.13,-2.16,5078.94,3004.7115
2032,002420.SZ,20121107,5.94,6.02,5.89,6.01,5.95,0.06,1.01,7630.77,4561.495
2033,002420.SZ,20121106,6.0,6.0,5.87,5.95,5.99,-0.04,-0.67,6414.89,3790.6827
2034,002420.SZ,20121105,6.01,6.03,5.93,5.99,6.01,-0.02,-0.33,6297.15,3764.0786
2035,002420.SZ,20121102,6.0,6.04,5.97,6.01,6.0,0.01,0.17,6489.98,3892.9868
2036,002420.SZ,20121101,5.92,6.03,5.87,6.0,5.87,0.13,2.21,10775.43,6433.9695
2037,002420.SZ,20121031,5.87,5.88,5.83,5.87,5.87,0.0,0.0,5569.68,3262.4621
2038,002420.SZ,20121030,5.88,5.9,5.82,5.87,5.84,0.03,0.51,5853.04,3433.358
2039,002420.SZ,20121029,5.85,5.87,5.81,5.84,5.83,0.01,0.17,7530.72,4392.5805
2040,002420.SZ,20121026,6.08,6.09,5.8,5.83,6.05,-0.22,-3.64,15670.31,9251.8616
2041,002420.SZ,20121025,6.09,6.16,6.05,6.05,6.12,-0.07,-1.14,8117.72,4949.3265
2042,002420.SZ,20121024,6.1,6.18,6.06,6.12,6.13,-0.01,-0.16,10258.99,6272.9226
2043,002420.SZ,20121023,6.25,6.25,6.13,6.13,6.25,-0.12,-1.92,12885.72,7955.047
2044,002420.SZ,20121022,6.22,6.25,6.15,6.25,6.23,0.02,0.32,8218.8,5096.4063
2045,002420.SZ,20121019,6.25,6.29,6.2,6.23,6.28,-0.05,-0.8,12678.57,7920.0341
2046,002420.SZ,20121018,6.22,6.31,6.21,6.28,6.22,0.06,0.96,20837.07,13060.0146
2047,002420.SZ,20121017,6.2,6.24,6.12,6.22,6.17,0.05,0.81,11686.21,7225.1587
2048,002420.SZ,20121016,6.12,6.22,6.09,6.17,6.13,0.04,0.65,13084.5,8074.4236
2049,002420.SZ,20121015,6.19,6.19,6.04,6.13,6.18,-0.05,-0.81,12276.24,7496.5446
2050,002420.SZ,20121012,6.23,6.28,6.1,6.18,6.2,-0.02,-0.32,13002.39,8055.8124
2051,002420.SZ,20121011,6.3,6.36,6.19,6.2,6.32,-0.12,-1.9,24612.3,15424.986
2052,002420.SZ,20121010,6.23,6.33,6.15,6.32,6.23,0.09,1.44,21552.73,13504.1918
2053,002420.SZ,20121009,6.08,6.23,6.05,6.23,6.08,0.15,2.47,23621.13,14579.9605
2054,002420.SZ,20121008,6.08,6.13,6.04,6.08,6.07,0.01,0.16,12930.42,7852.6401
2055,002420.SZ,20120928,5.98,6.08,5.93,6.07,5.99,0.08,1.34,18768.14,11317.5752
2056,002420.SZ,20120927,5.9,6.07,5.86,5.99,5.91,0.08,1.35,26080.9,15587.0638
2057,002420.SZ,20120926,6.28,6.28,5.9,5.91,6.3,-0.39,-6.19,37492.37,22749.2595
2058,002420.SZ,20120925,6.39,6.46,6.28,6.3,6.59,-0.29,-4.4,40314.46,25622.71
2059,002420.SZ,20120924,6.39,6.73,6.3,6.59,7.0,-0.41,-5.86,73501.25,47349.87
2060,002420.SZ,20120921,7.39,7.68,6.93,7.0,7.19,-0.19,-2.64,125150.72,92297.1437
2061,002420.SZ,20120920,7.19,7.19,7.19,7.19,6.54,0.65,9.94,43279.89,31118.2409
2062,002420.SZ,20120919,6.46,6.55,6.44,6.54,6.42,0.12,1.87,6756.35,4398.5438
2063,002420.SZ,20120918,6.41,6.53,6.35,6.42,6.43,-0.01,-0.16,8607.55,5548.137
2064,002420.SZ,20120917,6.75,6.75,6.39,6.43,6.77,-0.34,-5.02,13234.06,8693.3928
2065,002420.SZ,20120914,6.77,6.87,6.64,6.77,6.74,0.03,0.45,16945.79,11428.6116
2066,002420.SZ,20120913,6.84,6.84,6.73,6.74,6.84,-0.1,-1.46,16293.57,11026.3142
2067,002420.SZ,20120912,6.9,6.92,6.78,6.84,6.9,-0.06,-0.87,20560.81,14062.8033
2068,002420.SZ,20120911,6.8,6.95,6.73,6.9,6.82,0.08,1.17,21324.93,14620.0505
2069,002420.SZ,20120910,6.85,6.88,6.73,6.82,6.85,-0.03,-0.44,20048.68,13636.3663
2070,002420.SZ,20120907,6.65,6.86,6.64,6.85,6.63,0.22,3.32,27225.33,18471.5411
2071,002420.SZ,20120906,6.47,6.66,6.47,6.63,6.48,0.15,2.31,13644.18,8966.3525
2072,002420.SZ,20120905,6.36,6.52,6.36,6.48,6.39,0.09,1.41,9361.98,6054.3072
2073,002420.SZ,20120904,6.69,6.71,6.39,6.39,6.68,-0.29,-4.34,18055.84,11776.1436
2074,002420.SZ,20120903,6.63,6.72,6.58,6.68,6.66,0.02,0.3,11279.18,7539.5378
2075,002420.SZ,20120831,6.63,6.72,6.55,6.66,6.63,0.03,0.45,10354.49,6864.7271
2076,002420.SZ,20120830,6.55,6.69,6.5,6.63,6.63,0.0,0.0,14274.96,9424.7201
2077,002420.SZ,20120829,6.89,6.89,6.58,6.63,6.94,-0.31,-4.47,27357.66,18277.5134
2078,002420.SZ,20120828,7.18,7.22,6.94,6.94,7.18,-0.24,-3.34,23902.04,16887.2644
2079,002420.SZ,20120827,7.09,7.25,7.05,7.18,7.08,0.1,1.41,22809.91,16333.4693
2080,002420.SZ,20120824,7.09,7.17,7.07,7.08,7.09,-0.01,-0.14,18852.73,13413.4919
2081,002420.SZ,20120823,7.04,7.14,7.04,7.09,7.06,0.03,0.42,19389.81,13750.0783
2082,002420.SZ,20120822,7.3,7.34,7.03,7.06,7.3,-0.24,-3.29,29537.67,21154.5749
2083,002420.SZ,20120821,7.34,7.38,7.26,7.3,7.3,0.0,0.0,27589.1,20174.2509
2084,002420.SZ,20120820,7.43,7.6,7.25,7.3,7.42,-0.12,-1.62,35949.58,26496.139
2085,002420.SZ,20120817,7.49,7.58,7.37,7.42,7.58,-0.16,-2.11,16524.51,12307.9281
2086,002420.SZ,20120816,7.8,7.95,7.56,7.58,7.83,-0.25,-3.19,41567.99,32012.4598
2087,002420.SZ,20120815,8.01,8.07,7.63,7.83,7.96,-0.13,-1.63,56239.37,43888.6048
2088,002420.SZ,20120814,7.94,8.1,7.82,7.96,7.92,0.04,0.51,63398.22,50633.3169
2089,002420.SZ,20120813,7.8,8.09,7.76,7.92,7.9,0.02,0.25,69507.19,55301.9786
2090,002420.SZ,20120810,8.36,8.46,7.88,7.9,8.35,-0.45,-5.39,73446.42,60264.1737
2091,002420.SZ,20120809,8.48,8.52,8.34,8.35,8.5,-0.15,-1.76,47100.43,39587.2219
2092,002420.SZ,20120808,8.6,8.69,8.38,8.5,8.62,-0.12,-1.39,49138.13,41618.3521
2093,002420.SZ,20120807,8.42,8.71,8.29,8.62,8.4,0.22,2.62,107070.45,91885.5026
2094,002420.SZ,20120806,8.37,8.45,8.31,8.4,8.37,0.03,0.36,24417.29,20402.6385
2095,002420.SZ,20120803,8.47,8.55,8.33,8.37,8.38,-0.01,-0.12,22508.0,18935.7233
2096,002420.SZ,20120802,8.48,8.54,8.34,8.38,8.45,-0.07,-0.83,20975.98,17616.3708
2097,002420.SZ,20120801,8.2,8.5,8.2,8.45,8.16,0.29,3.55,63609.41,53503.2275
2098,002420.SZ,20120731,8.24,8.3,8.06,8.16,8.2,-0.04,-0.49,9552.1,7788.6122
2099,002420.SZ,20120730,8.3,8.45,8.1,8.2,8.26,-0.06,-0.73,14321.4,11822.256
2100,002420.SZ,20120727,8.26,8.35,8.2,8.26,8.27,-0.01,-0.12,13465.55,11172.9543
2101,002420.SZ,20120726,8.21,8.45,8.1,8.27,8.38,-0.11,-1.31,30831.54,25389.4031
2102,002420.SZ,20120725,8.46,8.51,8.25,8.38,8.54,-0.16,-1.87,44368.79,37390.9844
2103,002420.SZ,20120724,8.5,8.58,8.35,8.54,8.53,0.01,0.12,49294.39,41665.1141
2104,002420.SZ,20120723,8.61,8.68,8.45,8.53,8.59,-0.06,-0.7,54191.99,46309.5604
2105,002420.SZ,20120720,8.46,8.65,8.3,8.59,8.43,0.16,1.9,72678.51,61775.5518
2106,002420.SZ,20120719,8.22,8.6,8.22,8.43,8.28,0.15,1.81,84282.44,71545.058
2107,002420.SZ,20120718,8.36,8.39,8.16,8.28,8.36,-0.08,-0.96,25584.8,21119.812
2108,002420.SZ,20120717,8.05,8.5,8.05,8.36,8.25,0.11,1.33,101952.32,85048.5281
2109,002420.SZ,20120716,8.15,8.29,8.04,8.25,8.36,-0.11,-1.32,37836.05,30715.206
2110,002420.SZ,20120713,8.24,8.5,8.15,8.36,8.28,0.08,0.97,125750.23,104534.1078
2111,002420.SZ,20120712,8.06,8.35,8.0,8.28,8.02,0.26,3.24,110735.36,90473.4236
2112,002420.SZ,20120711,7.95,8.13,7.94,8.02,8.1,-0.08,-0.99,34280.66,27458.7459
2113,002420.SZ,20120710,8.36,8.4,7.92,8.1,8.1,0.0,0.0,116682.79,95070.6154
2114,002420.SZ,20120709,7.79,8.25,7.79,8.1,7.84,0.26,3.32,126310.72,102177.4265
2115,002420.SZ,20120706,7.66,7.88,7.62,7.84,7.63,0.21,2.75,22409.61,17355.0107
2116,002420.SZ,20120705,7.78,7.78,7.6,7.63,7.75,-0.12,-1.55,16378.4,12559.5349
2117,002420.SZ,20120704,7.66,7.77,7.56,7.75,7.6,0.15,1.97,21398.88,16412.9514
2118,002420.SZ,20120703,7.7,7.76,7.47,7.6,7.7,-0.1,-1.3,26687.22,20318.9285
2119,002420.SZ,20120702,7.8,7.9,7.64,7.7,7.75,-0.05,-0.65,47188.48,36456.717
2120,002420.SZ,20120629,7.93,8.05,7.56,7.75,7.92,-0.17,-2.15,67036.52,52179.0827
2121,002420.SZ,20120628,7.87,8.15,7.75,7.92,7.89,0.03,0.38,91949.81,72957.1758
2122,002420.SZ,20120627,7.74,8.3,7.7,7.89,7.8,0.09,1.15,102575.6,81240.1024
2123,002420.SZ,20120626,7.87,7.97,7.66,7.8,7.88,-0.08,-1.02,85638.82,66961.4249
2124,002420.SZ,20120625,7.5,8.2,7.5,7.88,7.45,0.43,5.77,100725.87,78559.913
2125,002420.SZ,20120621,7.55,7.65,7.45,7.45,7.77,-0.32,-4.12,24470.67,18444.4873
2126,002420.SZ,20120619,7.78,7.99,7.68,7.77,7.87,-0.1,-1.27,94101.64,73644.92
2127,002420.SZ,20120618,7.69,8.02,7.55,7.87,7.7,0.17,2.21,106829.95,83056.3367
2128,002420.SZ,20120615,7.54,7.96,7.47,7.7,7.6,0.1,1.32,101158.22,78172.5542
2129,002420.SZ,20120614,7.41,7.8,7.36,7.6,7.51,0.09,1.2,87856.96,67017.4869
2130,002420.SZ,20120613,7.33,7.71,7.3,7.51,7.35,0.16,2.18,82775.98,62454.7883
2131,002420.SZ,20120612,7.25,7.41,7.04,7.35,7.28,0.07,0.96,30496.58,22239.7719
2132,002420.SZ,20120611,6.88,7.28,6.88,7.28,6.91,0.37,5.35,30458.97,21814.9865
2133,002420.SZ,20120608,6.96,7.05,6.83,6.91,6.91,0.0,0.0,6181.88,4257.6789
2134,002420.SZ,20120607,7.04,7.12,6.89,6.91,7.05,-0.14,-1.99,13547.79,9477.9721
2135,002420.SZ,20120606,6.78,7.1,6.64,7.05,6.76,0.29,4.29,30919.95,21467.3094
2136,002420.SZ,20120605,6.64,6.79,6.64,6.76,6.65,0.11,1.65,11449.22,7698.7779
2137,002420.SZ,20120604,6.74,6.74,6.55,6.65,6.82,-0.17,-2.49,6856.57,4543.4579
2138,002420.SZ,20120601,6.85,6.9,6.8,6.82,6.85,-0.03,-0.44,3227.49,2210.5588
2139,002420.SZ,20120531,6.8,6.88,6.78,6.85,6.85,0.0,0.0,3887.9,2650.4597
2140,002420.SZ,20120530,6.82,6.88,6.81,6.85,6.84,0.01,0.15,2737.99,1874.7702
2141,002420.SZ,20120529,6.79,6.89,6.74,6.84,6.74,0.1,1.48,6046.28,4135.1254
2142,002420.SZ,20120528,6.65,6.75,6.46,6.74,6.68,0.06,0.9,3856.01,2545.6098
2143,002420.SZ,20120525,6.68,6.79,6.65,6.68,6.7,-0.02,-0.3,3068.11,2065.3696
2144,002420.SZ,20120524,6.75,6.8,6.63,6.7,6.76,-0.06,-0.89,3288.01,2208.6536
2145,002420.SZ,20120523,6.84,6.85,6.72,6.76,6.83,-0.07,-1.02,3072.5,2082.9825
2146,002420.SZ,20120522,6.8,6.84,6.79,6.83,6.77,0.06,0.89,3028.01,2064.5778
2147,002420.SZ,20120521,6.75,6.85,6.7,6.77,6.78,-0.01,-0.15,2806.0,1897.4669
2148,002420.SZ,20120518,6.9,6.9,6.73,6.78,6.9,-0.12,-1.74,4005.6,2734.5125
2149,002420.SZ,20120517,6.75,6.92,6.75,6.9,6.8,0.1,1.47,4413.75,3034.9446
2150,002420.SZ,20120516,7.06,7.06,6.75,6.8,7.0,-0.2,-2.86,6297.39,4322.2245
2151,002420.SZ,20120515,6.94,7.0,6.9,7.0,7.04,-0.04,-0.57,2983.41,2073.1809
2152,002420.SZ,20120514,7.15,7.15,7.02,7.04,7.07,-0.03,-0.42,3936.79,2786.0299
2153,002420.SZ,20120511,7.21,7.21,7.06,7.07,7.18,-0.11,-1.53,7046.88,5007.4532
2154,002420.SZ,20120510,7.13,7.27,7.11,7.21,7.12,0.09,1.26,5725.08,4118.5025
2155,002420.SZ,20120509,7.17,7.18,7.04,7.12,7.24,-0.12,-1.66,7885.48,5613.6209
2156,002420.SZ,20120508,7.3,7.3,7.13,7.24,7.25,-0.01,-0.14,7387.29,5319.8365
2157,002420.SZ,20120507,7.23,7.27,7.16,7.25,7.22,0.03,0.42,6966.64,5028.65
2158,002420.SZ,20120504,7.13,7.27,7.08,7.22,7.13,0.09,1.26,13399.81,9612.7501
2159,002420.SZ,20120503,7.1,7.24,7.1,7.13,7.09,0.04,0.56,9643.54,6888.995
2160,002420.SZ,20120427,7.09,7.18,7.06,7.09,7.11,-0.02,-0.28,5542.22,3953.3873
2161,002420.SZ,20120426,7.08,7.14,7.03,7.11,7.08,0.03,0.42,6565.22,4647.776
2162,002420.SZ,20120425,6.98,7.12,6.86,7.08,6.95,0.13,1.87,10944.19,7703.6968
2163,002420.SZ,20120424,7.09,7.2,6.68,6.95,7.07,-0.12,-1.7,17237.02,11910.6345
2164,002420.SZ,20120423,7.37,7.37,7.07,7.07,7.37,-0.3,-4.07,13690.43,9889.1707
2165,002420.SZ,20120420,7.31,7.4,7.26,7.37,7.4,-0.03,-0.41,19979.45,14639.7074
2166,002420.SZ,20120419,7.53,7.58,7.38,7.4,7.48,-0.08,-1.07,15867.28,11838.2908
2167,002420.SZ,20120418,7.26,7.52,7.26,7.48,7.31,0.17,2.33,16338.53,12134.8658
2168,002420.SZ,20120417,7.54,7.61,7.3,7.31,7.61,-0.3,-3.94,21646.03,16032.8311
2169,002420.SZ,20120416,7.61,7.77,7.51,7.61,7.65,-0.04,-0.52,28675.36,21889.4575
2170,002420.SZ,20120413,7.51,7.77,7.46,7.65,7.51,0.14,1.86,43254.07,32941.9308
2171,002420.SZ,20120412,7.5,7.58,7.37,7.51,7.45,0.06,0.81,24779.59,18519.648
2172,002420.SZ,20120411,7.5,7.66,7.4,7.45,7.73,-0.28,-3.62,31080.63,23361.9518
2173,002420.SZ,20120410,7.41,7.78,7.12,7.73,7.51,0.22,2.93,45945.93,34100.6247
2174,002420.SZ,20120409,7.33,7.59,7.23,7.51,7.4,0.11,1.49,47504.47,35371.5728
2175,002420.SZ,20120406,7.37,7.41,7.2,7.4,7.42,-0.02,-0.27,42266.56,30844.9246
2176,002420.SZ,20120405,7.2,7.52,7.2,7.42,7.35,0.07,0.95,69496.85,51223.8439
2177,002420.SZ,20120330,6.8,7.49,6.71,7.35,6.81,0.54,7.93,71065.96,51590.0288
2178,002420.SZ,20120329,6.67,6.85,6.4,6.81,6.66,0.15,2.25,17237.71,11477.8948
2179,002420.SZ,20120328,7.2,7.24,6.64,6.66,7.25,-0.59,-8.14,22124.47,15334.0461
2180,002420.SZ,20120327,7.15,7.39,7.1,7.25,7.17,0.08,1.12,41141.97,29851.1379
2181,002420.SZ,20120326,6.85,7.23,6.82,7.17,6.88,0.29,4.22,19409.49,13740.2276
2182,002420.SZ,20120323,7.12,7.15,6.82,6.88,7.18,-0.3,-4.18,11123.99,7708.7726
2183,002420.SZ,20120322,7.14,7.26,7.11,7.18,7.13,0.05,0.7,10273.13,7368.8135
2184,002420.SZ,20120321,7.14,7.2,7.01,7.13,7.15,-0.02,-0.28,12583.66,8943.5728
2185,002420.SZ,20120320,7.0,7.27,6.96,7.15,7.03,0.12,1.71,25693.25,18319.4685
2186,002420.SZ,20120319,6.85,7.07,6.84,7.03,6.9,0.13,1.88,7493.75,5209.2276
2187,002420.SZ,20120316,6.84,6.9,6.75,6.9,6.74,0.16,2.37,8487.55,5795.7194
2188,002420.SZ,20120315,6.86,7.05,6.66,6.74,6.85,-0.11,-1.61,8520.32,5784.0197
2189,002420.SZ,20120314,7.26,7.31,6.81,6.85,7.26,-0.41,-5.65,18446.2,13126.1
2190,002420.SZ,20120313,7.24,7.27,7.15,7.26,7.23,0.03,0.41,11097.14,8011.1873
2191,002420.SZ,20120312,7.16,7.25,7.13,7.23,7.19,0.04,0.56,8833.18,6349.5538
2192,002420.SZ,20120309,7.21,7.21,7.1,7.19,7.15,0.04,0.56,13228.03,9464.029
2193,002420.SZ,20120308,7.06,7.21,7.06,7.15,7.08,0.07,0.99,13091.05,9341.9303
2194,002420.SZ,20120307,6.88,7.11,6.85,7.08,6.98,0.1,1.43,13474.21,9468.4106
2195,002420.SZ,20120306,7.04,7.04,6.89,6.98,7.05,-0.07,-0.99,7218.87,5009.6945
2196,002420.SZ,20120305,7.04,7.08,7.01,7.05,7.02,0.03,0.43,9454.13,6656.0376
2197,002420.SZ,20120302,6.98,7.03,6.91,7.02,6.92,0.1,1.45,11019.64,7693.1301
2198,002420.SZ,20120301,6.88,6.96,6.85,6.92,6.9,0.02,0.29,7991.2,5515.4304
2199,002420.SZ,20120229,6.97,7.0,6.88,6.9,7.0,-0.1,-1.43,9708.55,6720.4336
2200,002420.SZ,20120228,7.11,7.15,6.93,7.0,7.13,-0.13,-1.82,11770.97,8269.0866
2201,002420.SZ,20120227,7.11,7.22,7.06,7.13,7.11,0.02,0.28,15640.86,11179.1745
2202,002420.SZ,20120224,6.99,7.13,6.99,7.11,7.01,0.1,1.43,12090.9,8548.9603
2203,002420.SZ,20120223,6.98,7.07,6.93,7.01,7.02,-0.01,-0.14,11036.09,7734.1331
2204,002420.SZ,20120222,6.84,7.03,6.84,7.02,6.85,0.17,2.48,16962.29,11799.3622
2205,002420.SZ,20120221,6.82,6.89,6.72,6.85,6.82,0.03,0.44,10018.8,6810.4082
2206,002420.SZ,20120220,7.0,7.0,6.8,6.82,6.86,-0.04,-0.58,9978.12,6874.2279
2207,002420.SZ,20120217,6.9,6.95,6.78,6.86,6.92,-0.06,-0.87,7572.66,5189.003
2208,002420.SZ,20120216,6.91,6.98,6.82,6.92,6.91,0.01,0.14,14174.61,9774.0069
2209,002420.SZ,20120215,6.84,6.93,6.74,6.91,6.81,0.1,1.47,13714.9,9413.1494
2210,002420.SZ,20120214,6.8,6.82,6.65,6.81,6.79,0.02,0.29,8137.83,5488.6666
2211,002420.SZ,20120213,6.69,6.8,6.58,6.79,6.69,0.1,1.49,9565.8,6419.5679
2212,002420.SZ,20120210,6.56,6.73,6.55,6.69,6.61,0.08,1.21,10497.32,6986.2302
2213,002420.SZ,20120209,6.65,6.8,6.61,6.61,6.58,0.03,0.46,15598.28,10432.0342
2214,002420.SZ,20120208,6.39,6.6,6.36,6.58,6.44,0.14,2.17,10212.93,6675.2857
2215,002420.SZ,20120207,6.58,6.58,6.38,6.44,6.55,-0.11,-1.68,4999.97,3220.471
2216,002420.SZ,20120206,6.5,6.6,6.48,6.55,6.51,0.04,0.61,8416.19,5496.3407
2217,002420.SZ,20120203,6.35,6.57,6.35,6.51,6.41,0.1,1.56,7740.79,5023.2652
2218,002420.SZ,20120202,6.32,6.41,6.3,6.41,6.28,0.13,2.07,4104.38,2612.1165
2219,002420.SZ,20120201,6.27,6.36,6.24,6.28,6.32,-0.04,-0.63,4097.9,2589.8563
2220,002420.SZ,20120131,6.3,6.35,6.22,6.32,6.32,0.0,0.0,3017.82,1892.3441
2221,002420.SZ,20120130,6.35,6.39,6.25,6.32,6.32,0.0,0.0,4660.51,2952.342
2222,002420.SZ,20120120,6.32,6.35,6.24,6.32,6.27,0.05,0.8,5894.11,3720.705
2223,002420.SZ,20120119,6.25,6.34,6.15,6.27,6.28,-0.01,-0.16,8141.75,5099.3035
2224,002420.SZ,20120118,6.54,6.55,6.24,6.28,6.42,-0.14,-2.18,7143.02,4563.0385
2225,002420.SZ,20120117,6.13,6.45,6.05,6.42,6.13,0.29,4.73,6623.58,4192.4884
2226,002420.SZ,20120116,6.38,6.38,6.11,6.13,6.49,-0.36,-5.55,7191.68,4453.8994
2227,002420.SZ,20120113,6.6,6.9,6.36,6.49,6.54,-0.05,-0.76,15931.61,10559.9587
2228,002420.SZ,20120112,6.46,6.63,6.45,6.54,6.53,0.01,0.15,7013.75,4597.0432
2229,002420.SZ,20120111,6.49,6.63,6.42,6.53,6.56,-0.03,-0.46,8808.07,5742.1519
2230,002420.SZ,20120110,6.31,6.58,6.31,6.56,6.32,0.24,3.8,10076.7,6519.5033
2231,002420.SZ,20120109,6.13,6.32,6.06,6.32,6.08,0.24,3.95,7162.11,4473.9122
2232,002420.SZ,20120106,6.06,6.14,5.83,6.08,6.05,0.03,0.5,5478.2,3270.6541
2233,002420.SZ,20120105,6.26,6.29,6.0,6.05,6.33,-0.28,-4.42,3513.0,2160.146
2234,002420.SZ,20120104,6.51,6.56,6.3,6.33,6.45,-0.12,-1.86,3534.55,2279.853
2235,002420.SZ,20111230,6.35,6.5,6.35,6.45,6.34,0.11,1.74,2819.16,1819.7669
2236,002420.SZ,20111229,6.26,6.4,6.26,6.34,6.37,-0.03,-0.47,2457.13,1563.8372
2237,002420.SZ,20111228,6.3,6.39,6.11,6.37,6.31,0.06,0.95,3861.81,2401.7005
2238,002420.SZ,20111227,6.49,6.56,6.31,6.31,6.46,-0.15,-2.32,4338.49,2783.8191
2239,002420.SZ,20111226,6.47,6.63,6.46,6.46,6.54,-0.08,-1.22,4112.03,2692.2055
2240,002420.SZ,20111223,6.43,6.66,6.4,6.54,6.46,0.08,1.24,5005.97,3276.6372
2241,002420.SZ,20111222,6.43,6.54,6.21,6.46,6.55,-0.09,-1.37,8262.94,5270.8579
2242,002420.SZ,20111221,6.86,6.93,6.52,6.55,6.84,-0.29,-4.24,7106.27,4850.8072
2243,002420.SZ,20111219,6.89,6.89,6.66,6.84,6.89,-0.05,-0.73,6788.51,4589.838
2244,002420.SZ,20111216,6.54,6.91,6.54,6.89,6.63,0.26,3.92,7258.17,4882.1136
2245,002420.SZ,20111215,6.98,6.98,6.5,6.63,7.0,-0.37,-5.29,12750.74,8590.0742
2246,002420.SZ,20111214,7.19,7.19,6.96,7.0,7.15,-0.15,-2.1,7759.49,5485.0441
2247,002420.SZ,20111213,7.42,7.45,7.1,7.15,7.53,-0.38,-5.05,13275.49,9638.2512
2248,002420.SZ,20111212,7.75,7.76,7.51,7.53,7.73,-0.2,-2.59,7807.27,5961.2177
2249,002420.SZ,20111209,7.8,7.84,7.71,7.73,7.89,-0.16,-2.03,9855.39,7643.5352
2250,002420.SZ,20111208,7.77,7.89,7.5,7.89,7.82,0.07,0.9,19111.63,14776.4155
2251,002420.SZ,20111207,7.98,8.0,7.69,7.82,8.04,-0.22,-2.74,24985.17,19567.8948
2252,002420.SZ,20111206,8.4,8.47,7.7,8.04,8.54,-0.5,-5.85,39586.27,32021.6471
2253,002420.SZ,20111205,8.8,8.94,8.54,8.54,8.94,-0.4,-4.47,45168.77,39362.1985
2254,002420.SZ,20111202,8.48,8.99,8.4,8.94,8.61,0.33,3.83,83391.13,73395.4452
2255,002420.SZ,20111201,8.38,8.78,8.32,8.61,8.22,0.39,4.74,48346.78,41492.4055
2256,002420.SZ,20111130,8.55,8.56,8.03,8.22,8.65,-0.43,-4.97,30771.03,25658.1091
2257,002420.SZ,20111129,8.16,8.65,8.15,8.65,8.11,0.54,6.66,29615.14,24959.0377
2258,002420.SZ,20111128,8.3,8.33,8.04,8.11,8.29,-0.18,-2.17,12572.74,10234.5884
2259,002420.SZ,20111125,8.46,8.58,8.26,8.29,8.46,-0.17,-2.01,17284.09,14505.1769
2260,002420.SZ,20111124,8.24,8.48,8.14,8.46,8.25,0.21,2.55,26248.41,21875.0133
2261,002420.SZ,20111123,8.13,8.43,8.13,8.25,8.08,0.17,2.1,31412.99,26116.8777
2262,002420.SZ,20111122,7.89,8.08,7.83,8.08,7.97,0.11,1.38,4941.66,3943.5478
2263,002420.SZ,20111121,7.87,7.98,7.81,7.97,7.87,0.1,1.27,6100.46,4816.4924
2264,002420.SZ,20111118,8.15,8.16,7.8,7.87,8.18,-0.31,-3.79,9124.82,7260.0358
2265,002420.SZ,20111117,8.12,8.27,8.11,8.18,8.11,0.07,0.86,9466.28,7755.9553
2266,002420.SZ,20111116,8.54,8.54,8.09,8.11,8.46,-0.35,-4.14,14219.74,11773.2354
2267,002420.SZ,20111115,8.38,8.47,8.3,8.46,8.36,0.1,1.2,10479.83,8798.2412
2268,002420.SZ,20111114,8.3,8.43,8.23,8.36,8.2,0.16,1.95,10562.27,8831.7406
2269,002420.SZ,20111111,8.15,8.29,8.1,8.2,8.15,0.05,0.61,8715.12,7149.1364
2270,002420.SZ,20111110,8.08,8.3,8.05,8.15,8.21,-0.06,-0.73,10821.44,8839.9154
2271,002420.SZ,20111109,8.02,8.21,8.02,8.21,8.06,0.15,1.86,6978.53,5654.2444
2272,002420.SZ,20111108,8.17,8.24,8.04,8.06,8.2,-0.14,-1.71,8066.83,6583.6569
2273,002420.SZ,20111107,8.26,8.37,8.18,8.2,8.17,0.03,0.37,12435.38,10295.7548
2274,002420.SZ,20111104,8.38,8.38,8.09,8.17,8.08,0.09,1.11,12571.81,10315.1037
2275,002420.SZ,20111103,8.07,8.25,8.04,8.08,8.03,0.05,0.62,17585.3,14346.1802
2276,002420.SZ,20111102,7.81,8.03,7.68,8.03,7.9,0.13,1.65,10793.98,8476.5043
2277,002420.SZ,20111101,7.91,7.98,7.81,7.9,7.94,-0.04,-0.5,7238.07,5708.9181
2278,002420.SZ,20111031,7.89,7.94,7.83,7.94,7.9,0.04,0.51,5624.51,4437.663
2279,002420.SZ,20111028,7.78,7.93,7.78,7.9,7.75,0.15,1.94,7530.11,5904.8935
2280,002420.SZ,20111027,7.75,7.89,7.68,7.75,7.72,0.03,0.39,6033.73,4678.1233
2281,002420.SZ,20111026,7.66,7.83,7.63,7.72,7.71,0.01,0.13,5528.99,4280.5845
2282,002420.SZ,20111025,7.51,7.77,7.51,7.71,7.57,0.14,1.85,6096.76,4676.5574
2283,002420.SZ,20111024,7.35,7.63,7.3,7.57,7.5,0.07,0.93,5623.45,4187.178
2284,002420.SZ,20111021,7.64,7.66,7.48,7.5,7.67,-0.17,-2.22,3349.89,2538.6855
2285,002420.SZ,20111020,7.88,8.0,7.55,7.67,8.0,-0.33,-4.13,7304.5,5597.0051
2286,002420.SZ,20111019,8.03,8.05,7.88,8.0,7.96,0.04,0.5,3243.08,2584.3252
2287,002420.SZ,20111018,8.19,8.19,7.93,7.96,8.19,-0.23,-2.81,3871.45,3118.5197
2288,002420.SZ,20111017,8.24,8.26,8.15,8.19,8.18,0.01,0.12,3034.54,2486.0223
2289,002420.SZ,20111014,8.21,8.23,8.08,8.18,8.21,-0.03,-0.37,4589.55,3737.6655
2290,002420.SZ,20111013,8.18,8.29,8.16,8.21,8.22,-0.01,-0.12,7546.1,6212.6862
2291,002420.SZ,20111012,7.96,8.26,7.83,8.22,8.01,0.21,2.62,8098.76,6587.7702
2292,002420.SZ,20111011,8.01,8.08,7.7,8.01,7.88,0.13,1.65,6935.04,5468.5109
2293,002420.SZ,20111010,7.88,7.9,7.76,7.88,7.79,0.09,1.16,4190.03,3278.8929
2294,002420.SZ,20110930,7.67,7.81,7.67,7.79,7.7,0.09,1.17,3916.23,3033.6031
2295,002420.SZ,20110929,7.95,7.95,7.68,7.7,7.99,-0.29,-3.63,8078.01,6274.8796
2296,002420.SZ,20110928,8.28,8.28,7.99,7.99,8.14,-0.15,-1.84,7655.53,6217.7296
2297,002420.SZ,20110927,8.13,8.22,8.09,8.14,8.09,0.05,0.62,3809.58,3100.9698
2298,002420.SZ,20110926,8.23,8.33,8.09,8.09,8.17,-0.08,-0.98,4174.33,3414.2576
2299,002420.SZ,20110923,8.15,8.18,8.03,8.17,8.17,0.0,0.0,3155.0,2564.1592
2300,002420.SZ,20110922,8.39,8.39,8.15,8.17,8.41,-0.24,-2.85,4567.37,3786.8782
2301,002420.SZ,20110921,8.18,8.42,8.15,8.41,8.18,0.23,2.81,6585.79,5502.078
2302,002420.SZ,20110920,8.1,8.24,8.06,8.18,8.14,0.04,0.49,2336.58,1905.8635
2303,002420.SZ,20110919,8.23,8.29,8.1,8.14,8.3,-0.16,-1.93,4264.09,3481.1915
2304,002420.SZ,20110916,8.3,8.35,8.25,8.3,8.29,0.01,0.12,3771.0,3130.772
2305,002420.SZ,20110915,8.16,8.35,8.16,8.29,8.19,0.1,1.22,5353.91,4434.3017
2306,002420.SZ,20110914,8.2,8.2,8.06,8.19,8.11,0.08,0.99,3641.6,2962.472
2307,002420.SZ,20110913,8.24,8.24,8.03,8.11,8.27,-0.16,-1.93,3959.89,3206.7659
2308,002420.SZ,20110909,8.28,8.37,8.23,8.27,8.28,-0.01,-0.12,3289.11,2731.7406
2309,002420.SZ,20110908,8.45,8.46,8.26,8.28,8.43,-0.15,-1.78,4976.5,4163.371
2310,002420.SZ,20110907,8.26,8.44,8.26,8.43,8.26,0.17,2.06,7979.77,6662.7995
2311,002420.SZ,20110906,8.08,8.28,8.08,8.26,8.28,-0.02,-0.24,3082.39,2535.5394
2312,002420.SZ,20110905,8.55,8.57,8.28,8.28,8.68,-0.4,-4.61,8356.02,6979.0851
2313,002420.SZ,20110902,8.95,8.95,8.58,8.68,8.96,-0.28,-3.13,14310.22,12436.9573
2314,002420.SZ,20110901,8.6,9.03,8.58,8.96,8.65,0.31,3.58,19693.46,17436.8007
2315,002420.SZ,20110831,8.81,8.81,8.55,8.65,8.75,-0.1,-1.14,6253.67,5408.9609
2316,002420.SZ,20110830,8.99,9.0,8.75,8.75,8.9,-0.15,-1.69,8762.42,7776.9277
2317,002420.SZ,20110829,8.89,9.12,8.87,8.9,8.92,-0.02,-0.22,12195.29,10969.6588
2318,002420.SZ,20110826,8.86,9.0,8.8,8.92,8.9,0.02,0.22,13477.46,12008.8313
2319,002420.SZ,20110825,8.8,8.95,8.7,8.9,8.75,0.15,1.71,8416.15,7450.4964
2320,002420.SZ,20110824,8.81,8.97,8.72,8.75,8.77,-0.02,-0.23,9101.87,8036.7952
2321,002420.SZ,20110823,8.55,8.8,8.55,8.77,8.56,0.21,2.45,9479.87,8272.7061
2322,002420.SZ,20110822,8.54,8.65,8.47,8.56,8.49,0.07,0.82,7815.74,6715.0675
2323,002420.SZ,20110819,8.42,8.59,8.39,8.49,8.59,-0.1,-1.16,5564.06,4718.0898
2324,002420.SZ,20110818,8.65,8.8,8.58,8.59,8.7,-0.11,-1.26,10553.57,9174.0435
2325,002420.SZ,20110817,8.59,8.81,8.52,8.7,8.62,0.08,0.93,11846.44,10299.2294
2326,002420.SZ,20110816,8.66,8.72,8.56,8.62,8.66,-0.04,-0.46,7413.32,6397.8854
2327,002420.SZ,20110815,8.5,8.7,8.49,8.66,8.53,0.13,1.52,12338.67,10621.7758
2328,002420.SZ,20110812,8.41,8.62,8.38,8.53,8.39,0.14,1.67,14312.78,12199.9542
2329,002420.SZ,20110811,8.07,8.4,7.99,8.39,8.26,0.13,1.57,11720.03,9630.797
2330,002420.SZ,20110810,8.35,8.48,8.26,8.26,8.29,-0.03,-0.36,13087.08,10956.9432
2331,002420.SZ,20110809,8.02,8.44,7.99,8.29,8.88,-0.59,-6.64,22386.29,18181.2368
2332,002420.SZ,20110805,8.9,8.99,8.7,8.88,9.1,-0.22,-2.42,8678.39,7709.9865
2333,002420.SZ,20110804,9.05,9.18,9.01,9.1,9.06,0.04,0.44,8948.81,8146.7705
2334,002420.SZ,20110803,8.85,9.1,8.81,9.06,8.9,0.16,1.8,12660.42,11403.7317
2335,002420.SZ,20110802,8.82,8.92,8.75,8.9,8.92,-0.02,-0.22,7679.45,6765.632
2336,002420.SZ,20110801,8.85,8.95,8.79,8.92,8.82,0.1,1.13,6720.37,5977.9446
2337,002420.SZ,20110729,8.91,8.98,8.75,8.82,8.93,-0.11,-1.23,9792.0,8675.2054
2338,002420.SZ,20110728,8.9,8.98,8.87,8.93,9.02,-0.09,-1.0,8423.77,7511.1238
2339,002420.SZ,20110727,8.99,9.11,8.85,9.02,8.91,0.11,1.23,8907.82,7988.3821
2340,002420.SZ,20110726,8.9,8.92,8.72,8.91,8.9,0.01,0.11,6282.61,5546.7389
2341,002420.SZ,20110725,9.37,9.37,8.85,8.9,9.37,-0.47,-5.02,18696.05,16963.8902
2342,002420.SZ,20110722,9.31,9.46,9.31,9.37,9.32,0.05,0.54,8129.09,7639.1392
2343,002420.SZ,20110721,9.54,9.54,9.31,9.32,9.55,-0.23,-2.41,9726.1,9146.8814
2344,002420.SZ,20110720,9.43,9.56,9.36,9.55,9.39,0.16,1.7,13372.74,12690.0453
2345,002420.SZ,20110719,9.54,9.54,9.35,9.39,9.54,-0.15,-1.57,9839.34,9254.9195
2346,002420.SZ,20110718,9.57,9.65,9.5,9.54,9.57,-0.03,-0.31,16310.93,15566.2991
2347,002420.SZ,20110715,9.36,9.61,9.34,9.57,9.36,0.21,2.24,26271.4,25004.4536
2348,002420.SZ,20110714,9.21,9.36,9.21,9.36,9.23,0.13,1.41,15676.72,14596.144
2349,002420.SZ,20110713,9.04,9.23,9.01,9.23,9.11,0.12,1.32,14961.83,13652.9991
2350,002420.SZ,20110712,9.34,9.34,9.08,9.11,9.38,-0.27,-2.88,14044.67,12917.5304
2351,002420.SZ,20110711,9.34,9.38,9.2,9.38,9.33,0.05,0.54,15504.9,14404.9161
2352,002420.SZ,20110708,9.3,9.41,9.27,9.33,9.32,0.01,0.11,14369.97,13418.6075
2353,002420.SZ,20110707,9.27,9.45,9.25,9.32,9.34,-0.02,-0.21,19727.8,18464.2774
2354,002420.SZ,20110706,9.3,9.38,9.2,9.34,9.39,-0.05,-0.53,16340.18,15165.1062
2355,002420.SZ,20110705,9.27,9.42,9.21,9.39,9.26,0.13,1.4,21169.72,19675.0693
2356,002420.SZ,20110704,9.12,9.26,9.07,9.26,9.1,0.16,1.76,18761.46,17270.5834
2357,002420.SZ,20110701,9.11,9.18,9.06,9.1,9.1,0.0,0.0,16538.7,15086.224
2358,002420.SZ,20110630,9.15,9.19,9.01,9.1,9.09,0.01,0.11,13933.77,12701.1111
2359,002420.SZ,20110629,9.12,9.22,9.07,9.09,9.1,-0.01,-0.11,16185.5,14812.8443
2360,002420.SZ,20110628,9.13,9.16,9.03,9.1,9.13,-0.03,-0.33,14397.51,13062.6353
2361,002420.SZ,20110627,8.99,9.17,8.99,9.13,9.05,0.08,0.88,24735.75,22541.2945
2362,002420.SZ,20110624,8.88,9.18,8.84,9.05,8.89,0.16,1.8,25033.04,22607.1578
2363,002420.SZ,20110623,8.78,8.9,8.53,8.89,8.78,0.11,1.25,16957.81,14835.8437
2364,002420.SZ,20110622,8.71,8.94,8.71,8.78,8.78,0.0,0.0,19584.67,17289.6064
2365,002420.SZ,20110621,8.88,8.91,8.6,8.78,9.12,-0.34,-3.73,37059.64,32404.3121
2366,002420.SZ,20110620,10.0,10.15,9.12,9.12,10.13,-1.01,-9.97,54722.32,50187.8617
2367,002420.SZ,20110617,10.13,10.19,9.8,10.13,10.12,0.01,0.1,2900.11,2913.36
2368,002420.SZ,20110616,10.12,10.16,10.01,10.12,10.26,-0.14,-1.36,2612.0,2629.7062
2369,002420.SZ,20110615,10.36,10.36,10.06,10.26,10.36,-0.1,-0.97,6514.36,6631.3062
2370,002420.SZ,20110614,10.2,10.56,10.01,10.36,10.06,0.3,2.98,8901.01,9095.8336
2371,002420.SZ,20110613,10.0,10.11,9.9,10.06,10.08,-0.02,-0.2,5078.42,5087.7891
2372,002420.SZ,20110610,9.75,10.2,9.68,10.18,9.78,0.4,4.09,12028.57,12035.4438
2373,002420.SZ,20110609,9.89,9.9,9.66,9.78,9.87,-0.09,-0.91,3896.13,3811.9304
2374,002420.SZ,20110608,9.85,9.9,9.65,9.87,9.86,0.01,0.1,5694.32,5569.1471
2375,002420.SZ,20110607,9.79,9.87,9.71,9.86,9.79,0.07,0.72,2861.68,2806.6334
2376,002420.SZ,20110603,9.67,9.83,9.61,9.79,9.59,0.2,2.09,3474.87,3390.4769
2377,002420.SZ,20110602,9.81,9.84,9.5,9.59,9.87,-0.28,-2.84,3093.11,2976.8537
2378,002420.SZ,20110601,9.78,9.88,9.65,9.87,9.79,0.08,0.82,5309.23,5197.5297
2379,002420.SZ,20110531,9.51,9.81,9.51,9.79,9.59,0.2,2.09,5174.82,4995.8187
2380,002420.SZ,20110530,9.97,10.01,9.59,9.59,9.97,-0.38,-3.81,4472.0,4414.5297
2381,002420.SZ,20110527,10.36,10.43,9.88,9.97,10.36,-0.39,-3.76,5919.4,5982.3479
2382,002420.SZ,20110526,10.43,10.56,10.32,10.36,10.43,-0.07,-0.67,3342.0,3486.4421
2383,002420.SZ,20110525,10.6,10.73,10.42,10.43,10.57,-0.14,-1.32,3136.0,3309.0601
2384,002420.SZ,20110524,10.63,10.64,10.3,10.57,10.6,-0.03,-0.28,5268.32,5505.522
2385,002420.SZ,20110523,11.14,11.14,10.58,10.6,11.14,-0.54,-4.85,9914.23,10745.1565
2386,002420.SZ,20110520,11.45,11.46,11.01,11.14,11.45,-0.31,-2.71,10599.29,11845.8905
2387,002420.SZ,20110519,11.61,11.65,11.43,11.45,11.61,-0.16,-1.38,3553.0,4099.7341
2388,002420.SZ,20110518,11.58,11.63,11.5,11.61,11.54,0.07,0.61,2940.86,3406.2078
2389,002420.SZ,20110517,11.65,11.72,11.5,11.54,11.73,-0.19,-1.62,5312.9,6146.0301
2390,002420.SZ,20110516,11.74,11.84,11.7,11.73,11.74,-0.01,-0.09,3416.78,4022.3056
2391,002420.SZ,20110513,11.65,11.79,11.65,11.74,11.65,0.09,0.77,4252.6,4983.0225
2392,002420.SZ,20110512,11.65,11.81,11.64,11.65,11.66,-0.01,-0.09,4991.01,5852.4636
2393,002420.SZ,20110511,11.7,11.77,11.65,11.66,11.71,-0.05,-0.43,4444.91,5201.268
2394,002420.SZ,20110510,11.77,11.77,11.62,11.71,11.77,-0.06,-0.51,2443.31,2856.1982
2395,002420.SZ,20110509,11.65,11.87,11.65,11.77,11.66,0.11,0.94,4825.82,5659.1495
2396,002420.SZ,20110506,11.58,11.74,11.5,11.66,11.64,0.02,0.17,3214.02,3740.1291
2397,002420.SZ,20110505,11.41,11.65,11.41,11.64,11.55,0.09,0.78,3816.69,4424.3409
2398,002420.SZ,20110504,11.93,12.03,11.4,11.55,12.11,-0.56,-4.62,12345.77,14444.8035
2399,002420.SZ,20110503,11.56,12.13,11.51,12.11,11.68,0.43,3.68,11099.11,13138.355
2400,002420.SZ,20110429,11.55,11.8,11.55,11.68,11.5,0.18,1.57,5582.69,6510.277
2401,002420.SZ,20110428,12.0,12.15,11.45,11.5,11.97,-0.47,-3.93,14084.09,16719.894
2402,002420.SZ,20110427,11.75,11.99,11.75,11.97,11.75,0.22,1.87,11829.27,14068.6513
2403,002420.SZ,20110426,12.06,12.06,11.61,11.75,12.26,-0.51,-4.16,11852.01,13993.1141
2404,002420.SZ,20110422,12.24,12.31,12.15,12.26,12.24,0.02,0.16,10347.5,12659.9621
2405,002420.SZ,20110421,12.24,12.28,12.15,12.24,12.24,0.0,0.0,7743.63,9459.8398
2406,002420.SZ,20110420,12.14,12.28,12.04,12.24,12.11,0.13,1.07,12475.01,15151.2815
2407,002420.SZ,20110419,12.1,12.15,11.96,12.11,12.12,-0.01,-0.08,11841.63,14252.6767
2408,002420.SZ,20110418,12.2,12.23,12.03,12.12,12.26,-0.14,-1.14,12380.92,15021.715
2409,002420.SZ,20110415,12.32,12.41,12.15,12.26,12.5,-0.24,-1.92,19509.57,23901.0487
2410,002420.SZ,20110414,12.51,12.56,12.41,12.5,12.55,-0.05,-0.4,8143.29,10143.8572
2411,002420.SZ,20110413,12.5,12.55,12.34,12.55,12.51,0.04,0.32,8876.98,11047.8044
2412,002420.SZ,20110412,12.46,12.59,12.38,12.51,12.48,0.03,0.24,8034.64,10024.3624
2413,002420.SZ,20110411,12.66,12.75,12.45,12.48,12.65,-0.17,-1.34,9965.95,12535.2001
2414,002420.SZ,20110408,12.75,12.8,12.52,12.65,12.8,-0.15,-1.17,15551.34,19681.5295
2415,002420.SZ,20110407,12.45,12.8,12.24,12.8,12.41,0.39,3.14,25693.74,32130.5147
2416,002420.SZ,20110406,12.35,12.43,12.32,12.41,12.37,0.04,0.32,8335.87,10326.6121
2417,002420.SZ,20110401,12.24,12.4,12.23,12.37,12.24,0.13,1.06,6546.71,8066.7351
2418,002420.SZ,20110331,12.55,12.65,12.23,12.24,12.65,-0.41,-3.24,16068.01,19963.3086
2419,002420.SZ,20110330,12.83,12.84,12.65,12.65,12.81,-0.16,-1.25,9395.12,11948.0064
2420,002420.SZ,20110329,13.09,13.09,12.79,12.81,13.03,-0.22,-1.69,15223.51,19672.4903
2421,002420.SZ,20110328,12.9,13.13,12.89,13.03,12.88,0.15,1.16,17033.63,22205.57
2422,002420.SZ,20110325,12.8,12.98,12.79,12.88,12.79,0.09,0.7,12030.05,15519.8152
2423,002420.SZ,20110324,12.75,12.86,12.7,12.79,12.71,0.08,0.63,12480.22,15960.4365
2424,002420.SZ,20110323,12.64,12.74,12.55,12.71,12.61,0.1,0.79,8084.58,10245.0184
2425,002420.SZ,20110322,12.67,12.69,12.5,12.61,12.67,-0.06,-0.47,7937.84,9981.1719
2426,002420.SZ,20110321,12.87,12.9,12.58,12.67,12.87,-0.2,-1.55,17154.32,21761.0268
2427,002420.SZ,20110318,12.86,13.05,12.85,12.87,12.83,0.04,0.31,9594.53,12377.4238
2428,002420.SZ,20110317,13.0,13.28,12.77,12.83,13.14,-0.31,-2.36,23195.27,30274.3618
2429,002420.SZ,20110316,12.86,13.15,12.8,13.14,12.88,0.26,2.02,22587.58,29392.9706
2430,002420.SZ,20110315,13.04,13.04,12.6,12.88,13.04,-0.16,-1.23,18715.52,23912.4962
2431,002420.SZ,20110314,12.76,13.07,12.75,13.04,12.78,0.26,2.03,22515.97,29154.6202
2432,002420.SZ,20110311,12.68,12.95,12.64,12.78,12.7,0.08,0.63,18042.54,23126.1342
2433,002420.SZ,20110310,12.8,12.8,12.67,12.7,12.81,-0.11,-0.86,12412.64,15776.5968
2434,002420.SZ,20110309,12.75,12.87,12.73,12.81,12.77,0.04,0.31,13016.83,16666.3431
2435,002420.SZ,20110308,12.76,12.82,12.69,12.77,12.77,0.0,0.0,11547.75,14734.7129
2436,002420.SZ,20110307,12.73,12.79,12.67,12.77,12.71,0.06,0.47,19845.99,25273.8381
2437,002420.SZ,20110304,12.53,12.73,12.5,12.71,12.51,0.2,1.6,8001.6,10113.0268
2438,002420.SZ,20110303,12.75,12.8,12.43,12.51,12.75,-0.24,-1.88,10661.97,13494.7158
2439,002420.SZ,20110302,12.6,12.77,12.5,12.75,12.67,0.08,0.63,14355.71,18161.541
2440,002420.SZ,20110301,12.5,12.79,12.5,12.67,12.56,0.11,0.88,17672.28,22426.7185
2441,002420.SZ,20110225,12.54,12.58,12.39,12.56,12.54,0.02,0.16,8581.07,10712.5137
2442,002420.SZ,20110224,12.45,12.58,12.38,12.54,12.45,0.09,0.72,9674.87,12083.8491
2443,002420.SZ,20110223,12.32,12.5,12.3,12.45,12.4,0.05,0.4,10829.11,13416.2807
2444,002420.SZ,20110222,12.79,12.81,12.4,12.4,12.79,-0.39,-3.05,12123.33,15212.4683
2445,002420.SZ,20110221,12.54,12.79,12.53,12.79,12.55,0.24,1.91,11858.88,14994.8276
2446,002420.SZ,20110218,12.68,12.73,12.51,12.55,12.72,-0.17,-1.34,12290.38,15459.7569
2447,002420.SZ,20110217,12.8,12.86,12.66,12.72,12.84,-0.12,-0.93,12944.04,16463.002
2448,002420.SZ,20110216,12.6,12.84,12.53,12.84,12.6,0.24,1.9,16312.17,20789.5476
2449,002420.SZ,20110215,12.6,12.66,12.54,12.6,12.61,-0.01,-0.08,12483.08,15729.3819
2450,002420.SZ,20110214,12.5,12.62,12.49,12.61,12.5,0.11,0.88,11908.49,14949.2967
2451,002420.SZ,20110211,12.31,12.54,12.25,12.5,12.31,0.19,1.54,13850.45,17237.3442
2452,002420.SZ,20110210,12.1,12.35,12.0,12.31,12.02,0.29,2.41,9595.71,11747.7914
2453,002420.SZ,20110209,12.18,12.22,11.95,12.02,12.18,-0.16,-1.31,6534.0,7911.577
2454,002420.SZ,20110201,12.3,12.35,12.03,12.18,12.28,-0.1,-0.81,6804.41,8293.196
2455,002420.SZ,20110131,12.19,12.33,12.08,12.28,12.19,0.09,0.74,6886.33,8429.7655
2456,002420.SZ,20110128,12.12,12.24,12.07,12.19,12.18,0.01,0.08,6057.7,7363.2323
2457,002420.SZ,20110127,12.0,12.21,11.96,12.18,12.08,0.1,0.83,7250.91,8807.6022
2458,002420.SZ,20110126,11.98,12.17,11.88,12.08,11.87,0.21,1.77,4126.1,4975.0013
2459,002420.SZ,20110125,11.84,11.97,11.78,11.87,11.91,-0.04,-0.34,4357.49,5157.5685
2460,002420.SZ,20110124,11.93,12.25,11.86,11.91,11.96,-0.05,-0.42,5284.1,6329.1454
2461,002420.SZ,20110121,11.83,12.05,11.78,11.96,11.82,0.14,1.18,5901.36,7042.718
2462,002420.SZ,20110120,12.19,12.24,11.82,11.82,12.2,-0.38,-3.11,7609.95,9149.1054
2463,002420.SZ,20110119,12.1,12.21,12.0,12.2,12.03,0.17,1.41,6362.43,7721.9862
2464,002420.SZ,20110118,11.83,12.03,11.83,12.03,11.9,0.13,1.09,4340.54,5199.808
2465,002420.SZ,20110117,12.29,12.38,11.88,11.9,12.37,-0.47,-3.8,12535.79,15146.1507
2466,002420.SZ,20110114,12.7,12.77,12.35,12.37,12.79,-0.42,-3.28,10840.71,13522.8946
2467,002420.SZ,20110113,12.84,12.84,12.72,12.79,12.78,0.01,0.08,5856.67,7482.3576
2468,002420.SZ,20110112,12.72,12.8,12.62,12.78,12.7,0.08,0.63,6617.35,8410.1542
2469,002420.SZ,20110111,12.84,12.88,12.53,12.7,12.88,-0.18,-1.4,14150.93,17947.2178
2470,002420.SZ,20110110,13.3,13.39,12.86,12.88,13.4,-0.52,-3.88,24944.93,32581.7658
2471,002420.SZ,20110107,13.43,13.64,13.35,13.4,13.43,-0.03,-0.22,15561.51,21004.1271
2472,002420.SZ,20110106,13.5,13.65,13.37,13.43,13.5,-0.07,-0.52,13358.82,18003.2344
2473,002420.SZ,20110105,13.35,13.62,13.28,13.5,13.4,0.1,0.75,15582.74,21007.9273
2474,002420.SZ,20110104,13.38,13.43,13.29,13.4,13.28,0.12,0.9,14534.09,19426.6529
2475,002420.SZ,20101231,13.24,13.3,13.08,13.28,13.15,0.13,0.99,12553.02,16589.9251
2476,002420.SZ,20101230,13.18,13.26,13.0,13.15,13.16,-0.01,-0.08,9512.1,12523.6671
2477,002420.SZ,20101229,12.95,13.25,12.95,13.16,13.0,0.16,1.23,10252.66,13452.5128
2478,002420.SZ,20101228,13.15,13.19,12.91,13.0,13.2,-0.2,-1.52,12136.34,15787.3289
2479,002420.SZ,20101227,13.4,13.59,13.11,13.2,13.43,-0.23,-1.71,14649.47,19609.0818
2480,002420.SZ,20101224,13.7,13.78,13.31,13.43,13.8,-0.37,-2.68,17463.89,23539.4209
2481,002420.SZ,20101223,14.07,14.12,13.76,13.8,14.06,-0.26,-1.85,18473.74,25617.1944
2482,002420.SZ,20101222,14.2,14.22,13.97,14.06,14.22,-0.16,-1.13,28134.19,39592.0969
2483,002420.SZ,20101221,13.81,14.35,13.77,14.22,13.83,0.39,2.82,67107.32,94905.004
2484,002420.SZ,20101220,13.98,14.0,13.5,13.83,13.81,0.02,0.14,34047.59,46832.7534
2485,002420.SZ,20101217,13.74,13.9,13.64,13.81,13.78,0.03,0.22,19004.24,26267.8228
2486,002420.SZ,20101216,13.6,13.89,13.6,13.78,13.59,0.19,1.4,22262.08,30672.2969
2487,002420.SZ,20101215,13.72,13.8,13.58,13.59,13.71,-0.12,-0.88,26222.2,35870.8574
2488,002420.SZ,20101214,13.52,13.84,13.45,13.71,13.51,0.2,1.48,28714.55,39214.2063
2489,002420.SZ,20101213,13.3,13.53,13.22,13.51,13.21,0.3,2.27,21798.94,29317.2517
2490,002420.SZ,20101210,13.12,13.25,13.0,13.21,13.15,0.06,0.46,13934.51,18301.8417
2491,002420.SZ,20101209,13.13,13.51,13.13,13.15,13.51,-0.36,-2.66,15103.08,19998.2861
2492,002420.SZ,20101208,13.5,13.66,13.4,13.51,13.5,0.01,0.07,15133.78,20450.7357
2493,002420.SZ,20101207,13.38,13.54,13.25,13.5,13.4,0.1,0.75,14709.84,19683.5857
2494,002420.SZ,20101206,13.72,13.93,13.28,13.4,13.84,-0.44,-3.18,32154.94,43539.4341
2495,002420.SZ,20101203,13.48,14.04,13.42,13.84,13.47,0.37,2.75,49875.75,68837.3779
2496,002420.SZ,20101202,13.5,13.58,13.34,13.47,13.33,0.14,1.05,27578.14,37158.6614
2497,002420.SZ,20101201,13.43,13.46,13.25,13.33,13.46,-0.13,-0.97,18825.26,25143.7146
2498,002420.SZ,20101130,13.88,14.02,13.13,13.46,13.97,-0.51,-3.65,45384.6,61326.4431
2499,002420.SZ,20101129,13.89,14.06,13.69,13.97,13.89,0.08,0.58,36050.01,49941.5998
2500,002420.SZ,20101126,13.9,14.14,13.77,13.89,13.91,-0.02,-0.14,40035.92,55972.742
2501,002420.SZ,20101125,14.02,14.28,13.9,13.91,14.01,-0.1,-0.71,50586.74,71202.729
2502,002420.SZ,20101124,13.57,14.04,13.53,14.01,13.74,0.27,1.97,40231.46,55809.9128
2503,002420.SZ,20101123,13.95,13.95,13.45,13.74,13.96,-0.22,-1.58,35859.37,48971.7916
2504,002420.SZ,20101122,13.65,14.17,13.55,13.96,13.8,0.16,1.16,54863.73,76375.1264
2505,002420.SZ,20101119,13.63,13.9,13.21,13.8,13.49,0.31,2.3,63130.58,85218.1319
2506,002420.SZ,20101118,13.55,13.71,13.32,13.49,13.42,0.07,0.52,31610.44,42791.183
2507,002420.SZ,20101117,14.33,14.49,13.2,13.42,14.62,-1.2,-8.21,60415.16,84133.2989
2508,002420.SZ,20101116,14.36,14.75,14.04,14.62,14.5,0.12,0.83,124073.54,178816.7376
2509,002420.SZ,20101115,13.8,14.5,13.72,14.5,13.78,0.72,5.23,100958.01,141492.5151
2510,002420.SZ,20101112,14.16,14.16,13.6,13.78,13.93,-0.15,-1.08,140942.89,195927.0579
2511,002420.SZ,20101111,13.96,14.68,13.82,13.93,14.04,-0.11,-0.78,158221.95,226493.9891
2512,002420.SZ,20101110,13.33,14.05,13.26,14.04,13.35,0.69,5.17,126723.92,174491.1319
2513,002420.SZ,20101109,13.39,13.53,13.25,13.35,13.44,-0.09,-0.67,39933.22,53320.5411
2514,002420.SZ,20101108,13.09,13.44,13.06,13.44,13.08,0.36,2.75,55443.75,73737.217
2515,002420.SZ,20101105,13.18,13.2,12.99,13.08,13.08,0.0,0.0,42398.69,55445.2638
2516,002420.SZ,20101104,13.0,13.15,12.92,13.08,12.95,0.13,1.0,43671.82,56840.1068
2517,002420.SZ,20101103,12.91,13.02,12.73,12.95,12.9,0.05,0.39,38559.48,49471.8558
2518,002420.SZ,20101102,13.13,13.24,12.88,12.9,13.12,-0.22,-1.68,47837.76,62386.4928
2519,002420.SZ,20101101,12.97,13.19,12.92,13.12,12.9,0.22,1.71,44710.63,58351.7757
2520,002420.SZ,20101029,12.82,13.0,12.75,12.9,12.8,0.1,0.78,49300.29,63567.6335
2521,002420.SZ,20101028,12.57,12.81,12.54,12.8,12.55,0.25,1.99,35373.06,44930.779
2522,002420.SZ,20101027,12.64,12.74,12.52,12.55,12.62,-0.07,-0.55,27255.54,34463.7555
2523,002420.SZ,20101026,12.81,12.84,12.53,12.62,12.8,-0.18,-1.41,35900.99,45319.0261
2524,002420.SZ,20101025,12.57,12.81,12.57,12.8,12.53,0.27,2.15,35690.14,45322.1805
2525,002420.SZ,20101022,12.5,12.65,12.5,12.53,12.44,0.09,0.72,29415.85,36941.1488
2526,002420.SZ,20101021,12.42,12.51,12.3,12.44,12.37,0.07,0.57,20070.73,24894.9877
2527,002420.SZ,20101020,12.23,12.54,12.21,12.37,12.43,-0.06,-0.48,28190.17,34987.9917
2528,002420.SZ,20101019,12.04,12.44,12.01,12.43,12.09,0.34,2.81,27260.26,33631.9245
2529,002420.SZ,20101018,12.21,12.21,11.73,12.09,12.21,-0.12,-0.98,30901.54,36804.8116
2530,002420.SZ,20101015,12.3,12.5,12.17,12.21,12.32,-0.11,-0.89,27157.0,33377.8536
2531,002420.SZ,20101014,12.6,12.66,12.3,12.32,12.6,-0.28,-2.22,34888.12,43373.287
2532,002420.SZ,20101013,12.81,12.86,12.48,12.6,12.79,-0.19,-1.49,48284.45,60862.0454
2533,002420.SZ,20101011,12.8,12.91,12.68,12.79,12.8,-0.01,-0.08,43299.0,55229.8972
2534,002420.SZ,20101008,12.57,12.88,12.57,12.8,12.54,0.26,2.07,23022.96,29375.426
2535,002420.SZ,20100930,12.41,12.63,12.35,12.54,12.45,0.09,0.72,14921.14,18662.3794
2536,002420.SZ,20100929,12.68,12.77,12.35,12.45,12.69,-0.24,-1.89,22344.12,28114.3616
2537,002420.SZ,20100928,13.01,13.05,12.56,12.69,13.0,-0.31,-2.38,33743.35,43157.3593
2538,002420.SZ,20100927,12.9,13.08,12.86,13.0,12.9,0.1,0.78,25086.06,32561.1423
2539,002420.SZ,20100921,12.9,13.1,12.85,12.9,12.76,0.14,1.1,41355.02,53590.9042
2540,002420.SZ,20100920,12.85,12.91,12.65,12.76,12.79,-0.03,-0.23,26234.69,33498.9104
2541,002420.SZ,20100917,12.98,12.98,12.61,12.79,12.8,-0.01,-0.08,40396.55,51614.5618
2542,002420.SZ,20100916,13.5,13.66,12.79,12.8,13.71,-0.91,-6.64,54024.51,70709.7613
2543,002420.SZ,20100914,13.92,14.0,13.65,13.71,13.92,-0.21,-1.51,45263.0,62330.0266
2544,002420.SZ,20100913,13.97,14.06,13.86,13.92,13.98,-0.06,-0.43,41412.52,57788.9091
2545,002420.SZ,20100910,13.85,14.08,13.61,13.98,13.88,0.1,0.72,47448.95,65625.3581
2546,002420.SZ,20100909,14.37,14.4,13.83,13.88,14.35,-0.47,-3.28,62814.76,88284.9162
2547,002420.SZ,20100908,13.8,14.35,13.73,14.35,13.9,0.45,3.24,105806.09,150209.4989
2548,002420.SZ,20100907,13.88,13.93,13.57,13.9,13.88,0.02,0.14,48507.87,66730.7598
2549,002420.SZ,20100906,13.82,14.0,13.52,13.88,13.75,0.13,0.95,62128.77,85770.6212
2550,002420.SZ,20100903,13.71,14.04,13.45,13.75,13.72,0.03,0.22,66589.04,91682.7475
2551,002420.SZ,20100902,13.54,13.75,13.36,13.72,13.32,0.4,3.0,65696.08,89345.2856
2552,002420.SZ,20100901,14.04,14.19,13.1,13.32,14.1,-0.78,-5.53,92558.85,125783.8339
2553,002420.SZ,20100831,13.99,14.26,13.86,14.1,14.27,-0.17,-1.19,55784.01,78319.4667
2554,002420.SZ,20100830,13.53,14.3,13.37,14.27,13.54,0.73,5.39,87583.86,121059.7914
2555,002420.SZ,20100827,14.05,14.05,13.41,13.54,13.99,-0.45,-3.22,66022.12,89851.5418
2556,002420.SZ,20100826,13.46,14.08,13.43,13.99,13.46,0.53,3.94,84556.33,116503.0605
2557,002420.SZ,20100825,13.51,13.79,13.4,13.46,13.45,0.01,0.07,87446.9,118769.5363
2558,002420.SZ,20100824,13.22,13.46,13.07,13.45,13.29,0.16,1.2,46191.18,61420.5423
2559,002420.SZ,20100823,13.21,13.3,13.05,13.29,13.16,0.13,0.99,37208.81,49043.0319
2560,002420.SZ,20100820,12.9,13.24,12.86,13.16,12.98,0.18,1.39,55279.99,72422.6991
2561,002420.SZ,20100819,12.9,13.08,12.83,12.98,12.94,0.04,0.31,30139.49,39056.4347
2562,002420.SZ,20100818,12.98,13.04,12.82,12.94,12.96,-0.02,-0.15,21645.97,27910.3292
2563,002420.SZ,20100817,12.96,13.07,12.81,12.96,12.93,0.03,0.23,27658.63,35809.7467
2564,002420.SZ,20100816,12.71,12.97,12.63,12.93,12.71,0.22,1.73,26079.94,33533.0549
2565,002420.SZ,20100813,12.58,12.72,12.41,12.71,12.58,0.13,1.03,19521.51,24639.4014
2566,002420.SZ,20100812,12.74,12.93,12.52,12.58,12.89,-0.31,-2.41,20585.15,26186.3684
2567,002420.SZ,20100811,12.71,12.96,12.7,12.89,12.71,0.18,1.42,21236.36,27244.7202
2568,002420.SZ,20100810,13.23,13.33,12.71,12.71,13.27,-0.56,-4.22,35523.52,46303.8
2569,002420.SZ,20100809,12.98,13.27,12.9,13.27,12.99,0.28,2.16,40729.18,53521.4076
2570,002420.SZ,20100806,12.78,13.0,12.66,12.99,12.78,0.21,1.64,30430.33,39184.8766
2571,002420.SZ,20100805,12.9,13.07,12.72,12.78,12.89,-0.11,-0.85,30575.58,39447.6289
2572,002420.SZ,20100804,12.85,12.94,12.6,12.89,12.85,0.04,0.31,34964.89,44718.3728
2573,002420.SZ,20100803,13.1,13.11,12.8,12.85,13.02,-0.17,-1.31,61982.98,80187.5903
2574,002420.SZ,20100802,12.6,13.02,12.54,13.02,12.53,0.49,3.91,59584.63,76157.8265
2575,002420.SZ,20100730,12.63,12.71,12.41,12.53,12.63,-0.1,-0.79,23974.96,30111.9852
2576,002420.SZ,20100729,12.64,12.8,12.46,12.63,12.65,-0.02,-0.16,35004.46,44075.2204
2577,002420.SZ,20100728,12.21,12.87,12.17,12.65,12.21,0.44,3.6,79679.9,100454.204
2578,002420.SZ,20100727,12.32,12.45,12.19,12.21,12.39,-0.18,-1.45,24087.04,29504.5369
2579,002420.SZ,20100726,12.15,12.42,12.11,12.39,12.13,0.26,2.14,36801.26,45089.095
2580,002420.SZ,20100723,12.25,12.27,11.98,12.13,12.22,-0.09,-0.74,29578.53,35955.8506
2581,002420.SZ,20100722,12.1,12.32,12.08,12.22,12.16,0.06,0.49,38492.49,47012.7753
2582,002420.SZ,20100721,12.3,12.37,12.13,12.16,12.35,-0.19,-1.54,38105.01,46629.7658
2583,002420.SZ,20100720,11.95,12.45,11.95,12.35,11.98,0.37,3.09,79555.89,96856.7059
2584,002420.SZ,20100719,11.69,11.98,11.6,11.98,11.81,0.17,1.44,44880.61,53075.9595
2585,002420.SZ,20100716,11.21,11.85,11.21,11.81,11.25,0.56,4.98,45886.54,53252.866
2586,002420.SZ,20100715,11.58,11.75,11.23,11.25,11.61,-0.36,-3.1,25577.27,29569.3546
2587,002420.SZ,20100714,11.71,11.75,11.58,11.61,11.59,0.02,0.17,21643.76,25228.8754
2588,002420.SZ,20100713,11.71,11.76,11.45,11.59,11.74,-0.15,-1.28,25654.37,29722.9326
2589,002420.SZ,20100712,11.76,11.93,11.72,11.74,11.7,0.04,0.34,35008.81,41294.1848
2590,002420.SZ,20100709,11.34,11.79,11.27,11.7,11.5,0.2,1.74,38411.16,44506.7514
2591,002420.SZ,20100707,11.5,11.52,11.27,11.5,11.49,0.01,0.09,28203.81,32158.1093
2592,002420.SZ,20100706,11.37,11.62,11.16,11.49,11.26,0.23,2.04,29208.03,33308.5439
2593,002420.SZ,20100705,11.2,11.3,11.03,11.26,11.16,0.1,0.9,18949.01,21248.6559
2594,002420.SZ,20100702,11.1,11.27,10.8,11.16,11.24,-0.08,-0.71,27956.29,30928.1784
2595,002420.SZ,20100701,11.5,11.59,11.22,11.24,11.5,-0.26,-2.26,22984.92,26166.6568
2596,002420.SZ,20100630,11.7,11.84,11.38,11.5,11.86,-0.36,-3.04,22636.59,26127.076
2597,002420.SZ,20100629,12.48,12.65,11.86,11.86,12.49,-0.63,-5.04,34706.11,42052.2075
2598,002420.SZ,20100628,12.59,12.7,12.45,12.49,12.59,-0.1,-0.79,19519.07,24473.7459
2599,002420.SZ,20100625,12.8,12.87,12.42,12.59,12.87,-0.28,-2.18,25719.38,32436.9993
2600,002420.SZ,20100624,12.81,13.04,12.78,12.87,12.87,0.0,0.0,24936.84,32146.6443
2601,002420.SZ,20100623,12.89,13.08,12.65,12.87,12.9,-0.03,-0.23,29135.87,37529.4385
2602,002420.SZ,20100622,12.87,13.14,12.8,12.9,12.98,-0.08,-0.62,30804.38,39914.4088
2603,002420.SZ,20100621,12.67,13.08,12.28,12.98,12.7,0.28,2.2,46325.67,59191.5365
2604,002420.SZ,20100618,13.43,13.55,12.5,12.7,13.54,-0.84,-6.2,60857.14,78802.5627
2605,002420.SZ,20100617,13.86,13.96,13.36,13.54,13.78,-0.24,-1.74,76834.69,104476.781
2606,002420.SZ,20100611,13.31,14.01,13.21,13.78,13.23,0.55,4.16,112779.13,154708.947
2607,002420.SZ,20100610,13.22,13.49,13.15,13.23,13.41,-0.18,-1.34,71345.36,94780.3868
2608,002420.SZ,20100609,13.15,13.48,12.85,13.41,13.2,0.21,1.59,109833.19,144652.4623
2609,002420.SZ,20100608,12.62,13.39,12.62,13.2,12.74,0.46,3.61,99646.22,129813.1169
2610,002420.SZ,20100607,12.54,13.0,12.4,12.74,13.14,-0.4,-3.04,87407.42,110769.1062
2611,002420.SZ,20100604,13.8,13.92,12.9,13.14,14.25,-1.11,-7.79,161044.26,213866.0277
2612,002420.SZ,20100603,14.38,15.2,14.1,14.25,14.36,-0.11,-0.77,194373.76,285800.7337
2613,002420.SZ,20100602,13.81,14.71,13.52,14.36,14.76,-0.4,-2.71,176935.03,250018.8366
2614,002420.SZ,20100601,13.8,15.28,13.52,14.76,13.8,0.96,6.96,367924.82,535633.9431
