,ts_code,trade_date,open,high,low,close,pre_close,change,pct_chg,vol,amount
0,300659.SZ,20210324,34.96,35.4,34.66,35.25,34.99,0.26,0.7431,20063.67,70296.896
1,300659.SZ,20210323,35.2,35.7,34.63,34.99,35.15,-0.16,-0.4552,28141.2,99013.775
2,300659.SZ,20210322,34.29,35.21,33.72,35.15,34.15,1.0,2.9283,33105.75,114280.005
3,300659.SZ,20210319,33.55,34.4,33.55,34.15,33.98,0.17,0.5003,25669.15,87208.342
4,300659.SZ,20210318,34.0,34.35,33.62,33.98,34.05,-0.07,-0.2056,31490.13,106988.77
5,300659.SZ,20210317,34.36,34.81,33.51,34.05,34.31,-0.26,-0.7578,30238.55,103070.683
6,300659.SZ,20210316,34.71,35.25,33.68,34.31,34.65,-0.34,-0.9812,30460.65,104567.03
7,300659.SZ,20210315,34.97,35.2,34.3,34.65,35.16,-0.51,-1.4505,17805.02,61824.856
8,300659.SZ,20210312,35.86,36.16,34.9,35.16,35.83,-0.67,-1.8699,23898.55,84261.85
9,300659.SZ,20210311,35.92,36.41,35.2,35.83,35.95,-0.12,-0.3338,32680.13,116957.676
10,300659.SZ,20210310,36.99,37.0,35.73,35.95,36.53,-0.58,-1.5877,23689.7,85670.474
11,300659.SZ,20210309,39.5,39.75,36.4,36.53,39.2,-2.67,-6.8112,44248.06,166948.682
12,300659.SZ,20210308,41.39,42.19,39.2,39.2,41.1,-1.9,-4.6229,31379.48,127220.573
13,300659.SZ,20210305,42.0,42.36,40.31,41.1,42.09,-0.99,-2.3521,37487.92,154165.235
14,300659.SZ,20210304,41.69,42.38,41.0,42.09,42.25,-0.16,-0.3787,30063.1,125067.153
15,300659.SZ,20210303,42.08,42.78,41.75,42.25,41.89,0.36,0.8594,23118.95,97928.661
16,300659.SZ,20210302,42.4,42.41,41.21,41.89,42.79,-0.9,-2.1033,28559.29,119378.018
17,300659.SZ,20210301,40.0,42.85,40.0,42.79,40.33,2.46,6.0997,42881.36,180222.403
18,300659.SZ,20210226,39.12,40.79,39.08,40.33,39.82,0.51,1.2808,39739.74,159216.936
19,300659.SZ,20210225,38.64,40.9,37.2,39.82,38.55,1.27,3.2944,58430.38,229611.385
20,300659.SZ,20210224,38.0,39.9,38.0,38.55,38.2,0.35,0.9162,43998.99,171131.841
21,300659.SZ,20210223,39.28,39.31,37.2,38.2,39.4,-1.2,-3.0457,45676.65,174845.34
22,300659.SZ,20210222,38.62,41.72,37.74,39.4,37.99,1.41,3.7115,85597.36,341214.138
23,300659.SZ,20210219,34.4,38.4,34.12,37.99,34.47,3.52,10.2118,91350.79,334581.577
24,300659.SZ,20210218,35.9,36.86,34.3,34.47,35.9,-1.43,-3.9833,87061.56,309193.375
25,300659.SZ,20210210,36.14,36.29,35.6,35.9,35.78,0.12,0.3354,22225.14,79911.79
26,300659.SZ,20210209,35.31,36.1,35.26,35.78,35.27,0.51,1.446,25750.99,91898.781
27,300659.SZ,20210208,35.61,36.13,35.08,35.27,35.39,-0.12,-0.3391,27788.48,99093.301
28,300659.SZ,20210205,36.37,37.31,35.25,35.39,35.83,-0.44,-1.228,37108.09,134749.054
29,300659.SZ,20210204,36.95,37.1,34.7,35.83,37.0,-1.17,-3.1622,48426.76,172775.669
30,300659.SZ,20210203,39.06,39.07,37.0,37.0,39.06,-2.06,-5.2739,39775.38,150472.444
31,300659.SZ,20210202,39.26,39.55,37.95,39.06,39.32,-0.26,-0.6612,37196.29,144835.916
32,300659.SZ,20210201,40.1,41.0,39.1,39.32,40.3,-0.98,-2.4318,46466.39,185165.374
33,300659.SZ,20210129,39.8,41.76,39.66,40.3,39.6,0.7,1.7677,48300.64,196832.464
34,300659.SZ,20210128,40.51,41.73,39.5,39.6,41.19,-1.59,-3.8602,41812.82,170104.916
35,300659.SZ,20210127,42.53,43.34,41.0,41.19,42.69,-1.5,-3.5137,44369.34,185278.802
36,300659.SZ,20210126,43.0,44.03,42.0,42.69,42.85,-0.16,-0.3734,62407.09,268636.223
37,300659.SZ,20210125,49.98,49.99,42.6,42.85,49.98,-7.13,-14.2657,146289.35,659428.685
38,300659.SZ,20210122,57.0,58.17,49.5,49.98,56.9,-6.92,-12.1617,131926.94,687224.1
39,300659.SZ,20210121,59.0,60.5,56.15,56.9,50.92,5.98,11.7439,116709.92,680371.064
40,300659.SZ,20210120,51.5,51.5,49.63,50.92,50.48,0.44,0.8716,25562.92,129430.055
41,300659.SZ,20210119,52.76,53.39,50.28,50.48,53.08,-2.6,-4.8983,36118.8,187152.116
42,300659.SZ,20210118,49.71,53.6,49.6,53.08,50.13,2.95,5.8847,53102.7,274382.99
43,300659.SZ,20210115,49.3,51.7,49.0,50.13,49.8,0.33,0.6627,38593.31,194968.42
44,300659.SZ,20210114,46.72,50.5,46.02,49.8,46.79,3.01,6.433,47027.77,229240.063
45,300659.SZ,20210113,48.67,48.77,46.4,46.79,48.67,-1.88,-3.8627,49000.88,232361.95
46,300659.SZ,20210112,48.73,48.77,47.3,48.67,49.4,-0.73,-1.4777,38670.85,185908.766
47,300659.SZ,20210111,49.98,51.4,48.0,49.4,50.1,-0.7,-1.3972,39443.5,197120.694
48,300659.SZ,20210108,50.2,51.5,49.28,50.1,49.9,0.2,0.4008,43917.71,221455.637
49,300659.SZ,20210107,52.14,52.87,49.58,49.9,52.85,-2.95,-5.5818,54769.91,276733.529
50,300659.SZ,20210106,53.92,54.45,52.2,52.85,54.15,-1.3,-2.4007,38253.69,203038.357
51,300659.SZ,20210105,52.11,54.68,52.11,54.15,52.83,1.32,2.4986,41899.6,223975.072
52,300659.SZ,20210104,48.77,53.38,47.88,52.83,49.08,3.75,7.6406,62373.52,321747.762
53,300659.SZ,20201231,44.74,49.87,44.74,49.08,44.74,4.34,9.7005,61090.28,294948.859
54,300659.SZ,20201230,44.12,45.2,43.27,44.74,44.72,0.02,0.0447,22851.62,101090.022
55,300659.SZ,20201229,41.89,45.0,41.88,44.72,41.88,2.84,6.7813,34180.49,150038.797
56,300659.SZ,20201228,42.81,43.49,41.83,41.88,43.14,-1.26,-2.9207,21563.39,91111.215
57,300659.SZ,20201225,42.63,44.2,42.05,43.14,42.47,0.67,1.5776,22167.64,96074.664
58,300659.SZ,20201224,43.39,43.93,41.7,42.47,43.45,-0.98,-2.2555,32217.95,137313.605
59,300659.SZ,20201223,45.85,46.49,43.18,43.45,46.4,-2.95,-6.3578,45472.87,200768.252
60,300659.SZ,20201222,47.62,47.72,46.0,46.4,47.73,-1.33,-2.7865,21492.62,100577.421
61,300659.SZ,20201221,46.34,48.75,45.64,47.73,46.39,1.34,2.8886,21541.23,102333.762
62,300659.SZ,20201218,47.07,47.8,45.7,46.39,47.39,-1.0,-2.1101,26125.39,121237.873
63,300659.SZ,20201217,48.6,48.85,46.87,47.39,48.32,-0.93,-1.9247,20751.13,98778.432
64,300659.SZ,20201216,49.2,49.8,47.5,48.32,49.77,-1.45,-2.9134,25636.03,124239.631
65,300659.SZ,20201215,47.88,51.19,47.42,49.77,48.0,1.77,3.6875,42003.68,208180.73
66,300659.SZ,20201214,47.81,48.19,46.55,48.0,47.8,0.2,0.4184,25631.3,121800.535
67,300659.SZ,20201211,48.81,49.53,47.31,47.8,49.06,-1.26,-2.5683,25035.52,120073.477
68,300659.SZ,20201210,48.4,49.19,47.4,49.06,48.18,0.88,1.8265,27501.76,133661.504
69,300659.SZ,20201209,48.39,49.53,48.18,48.18,48.81,-0.63,-1.2907,20326.36,99200.317
70,300659.SZ,20201208,47.9,49.2,47.58,48.81,48.03,0.78,1.624,29118.53,141321.14
71,300659.SZ,20201207,47.19,48.9,46.68,48.03,47.19,0.84,1.78,40505.63,194183.635
72,300659.SZ,20201204,47.35,47.5,46.51,47.19,46.96,0.23,0.4898,22931.57,107886.141
73,300659.SZ,20201203,44.16,47.67,44.0,46.96,44.4,2.56,5.7658,40950.76,189836.877
74,300659.SZ,20201202,44.06,45.28,43.58,44.4,44.3,0.1,0.2257,23038.77,102402.532
75,300659.SZ,20201201,41.96,44.77,41.71,44.3,41.82,2.48,5.9302,35265.58,153364.529
76,300659.SZ,20201130,42.39,42.9,41.73,41.82,42.26,-0.44,-1.0412,12340.03,51998.017
77,300659.SZ,20201127,42.81,43.47,41.5,42.26,42.8,-0.54,-1.2617,13788.52,58047.196
78,300659.SZ,20201126,43.11,43.65,42.36,42.8,43.06,-0.26,-0.6038,14288.4,61291.846
79,300659.SZ,20201125,44.89,44.9,42.95,43.06,45.14,-2.08,-4.6079,20374.56,89067.506
80,300659.SZ,20201124,44.7,45.72,44.22,45.14,44.75,0.39,0.8715,14767.59,66398.425
81,300659.SZ,20201123,45.6,45.6,43.81,44.75,45.72,-0.97,-2.1216,16822.32,74876.066
82,300659.SZ,20201120,45.72,46.36,45.03,45.72,45.75,-0.03,-0.0656,14923.1,68211.406
83,300659.SZ,20201119,44.48,45.75,43.52,45.75,44.62,1.13,2.5325,18433.03,82894.172
84,300659.SZ,20201118,44.96,45.67,43.95,44.62,44.6,0.02,0.0448,12704.19,57014.132
85,300659.SZ,20201117,45.91,46.12,43.59,44.6,45.94,-1.34,-2.9168,22037.72,97958.848
86,300659.SZ,20201116,46.5,46.5,44.6,45.94,45.89,0.05,0.109,15762.46,72165.369
87,300659.SZ,20201113,47.0,47.7,45.08,45.89,46.92,-1.03,-2.1952,29704.18,138320.575
88,300659.SZ,20201112,47.48,48.0,46.5,46.92,46.97,-0.05,-0.1065,17110.61,80467.009
89,300659.SZ,20201111,49.46,49.76,46.91,46.97,49.0,-2.03,-4.1429,29737.97,142773.162
90,300659.SZ,20201110,50.08,51.1,48.8,49.0,50.08,-1.08,-2.1565,35059.13,174856.597
91,300659.SZ,20201109,46.62,51.5,46.62,50.08,47.09,2.99,6.3495,61517.29,305588.203
92,300659.SZ,20201106,47.06,48.57,45.96,47.09,46.83,0.26,0.5552,29452.69,138821.467
93,300659.SZ,20201105,46.51,48.1,44.86,46.83,45.2,1.63,3.6062,41390.58,192168.912
94,300659.SZ,20201104,45.0,45.37,44.07,45.2,45.27,-0.07,-0.1546,25721.44,114991.925
95,300659.SZ,20201103,40.85,46.03,40.34,45.27,40.36,4.91,12.1655,55084.66,243321.84
96,300659.SZ,20201102,40.8,40.86,39.78,40.36,40.4,-0.04,-0.099,21480.24,86577.513
97,300659.SZ,20201030,42.3,42.69,40.31,40.4,41.5,-1.1,-2.6506,26323.7,109121.09
98,300659.SZ,20201029,41.1,41.99,40.12,41.5,41.88,-0.38,-0.9074,23559.56,97227.688
99,300659.SZ,20201028,43.29,43.68,41.3,41.88,43.06,-1.18,-2.7404,18227.7,76690.327
100,300659.SZ,20201027,43.02,43.44,41.5,43.06,42.62,0.44,1.0324,19126.3,81378.917
101,300659.SZ,20201026,44.3,44.35,35.41,42.62,44.26,-1.64,-3.7054,24985.55,106797.37
102,300659.SZ,20201023,45.76,46.91,44.26,44.26,45.72,-1.46,-3.1934,19829.96,89937.538
103,300659.SZ,20201022,45.5,46.4,44.95,45.72,45.33,0.39,0.8604,15273.71,69979.678
104,300659.SZ,20201021,47.17,47.17,45.05,45.33,46.65,-1.32,-2.8296,19232.99,87837.411
105,300659.SZ,20201020,46.5,47.46,45.12,46.65,46.46,0.19,0.409,20579.4,95490.653
106,300659.SZ,20201019,44.79,48.18,44.16,46.46,44.15,2.31,5.2322,52076.72,243887.337
107,300659.SZ,20201016,46.0,46.6,43.9,44.15,45.73,-1.58,-3.4551,28338.09,126640.899
108,300659.SZ,20201015,46.52,46.91,45.55,45.73,46.96,-1.23,-2.6193,25211.16,116197.775
109,300659.SZ,20201014,50.3,50.47,46.13,46.96,49.8,-2.84,-5.7028,57472.56,272220.713
110,300659.SZ,20201013,52.88,52.88,49.18,49.8,52.23,-2.43,-4.6525,34098.35,171839.991
111,300659.SZ,20201012,47.0,53.18,46.63,52.23,46.55,5.68,12.2019,55683.65,284469.29
112,300659.SZ,20201009,46.6,47.83,46.34,46.55,46.11,0.44,0.9542,16050.01,75382.925
113,300659.SZ,20200930,45.6,46.95,44.88,46.11,45.4,0.71,1.5639,21611.26,99949.026
114,300659.SZ,20200929,46.17,46.44,45.06,45.4,46.17,-0.77,-1.6677,25125.51,114248.412
115,300659.SZ,20200928,46.96,47.47,45.5,46.17,46.95,-0.78,-1.6613,20407.55,94271.37
116,300659.SZ,20200925,47.44,48.18,46.43,46.95,47.5,-0.55,-1.1579,16867.7,79696.541
117,300659.SZ,20200924,48.58,49.08,47.15,47.5,48.38,-0.88,-1.8189,16606.68,79520.432
118,300659.SZ,20200923,47.63,49.5,47.22,48.38,47.17,1.21,2.5652,22739.03,110292.713
119,300659.SZ,20200922,49.28,49.31,47.01,47.17,49.2,-2.03,-4.126,22822.48,109217.571
120,300659.SZ,20200921,50.39,50.71,48.98,49.2,49.89,-0.69,-1.383,16632.53,82277.707
121,300659.SZ,20200918,50.89,50.89,49.89,49.89,50.6,-0.71,-1.4032,14181.74,71278.16
122,300659.SZ,20200917,50.45,51.6,49.6,50.6,50.45,0.15,0.2973,14790.81,74772.571
123,300659.SZ,20200916,50.91,51.5,50.01,50.45,50.9,-0.45,-0.8841,14527.54,73887.145
124,300659.SZ,20200915,49.26,51.0,48.98,50.9,49.24,1.66,3.3712,14663.55,73738.054
125,300659.SZ,20200914,49.93,51.45,48.84,49.24,49.38,-0.14,-0.2835,16845.69,83970.023
126,300659.SZ,20200911,48.0,49.42,47.71,49.38,48.3,1.08,2.236,13075.88,63757.858
127,300659.SZ,20200910,50.76,51.01,48.0,48.3,50.25,-1.95,-3.8806,19228.32,94894.683
128,300659.SZ,20200909,51.51,51.66,49.13,50.25,52.0,-1.75,-3.3654,17741.5,89663.595
129,300659.SZ,20200908,52.5,52.89,51.08,52.0,52.49,-0.49,-0.9335,12137.51,62957.751
130,300659.SZ,20200907,54.21,54.99,51.95,52.49,54.39,-1.9,-3.4933,17123.0,90961.258
131,300659.SZ,20200904,53.0,54.96,52.53,54.39,54.03,0.36,0.6663,17523.11,94994.473
132,300659.SZ,20200903,53.52,54.5,52.0,54.03,53.01,1.02,1.9242,24708.86,132368.822
133,300659.SZ,20200902,52.52,55.5,52.29,53.01,52.15,0.86,1.6491,37464.64,201768.687
134,300659.SZ,20200901,53.01,53.01,51.0,52.15,53.12,-0.97,-1.8261,23138.41,119309.948
135,300659.SZ,20200831,54.13,54.48,52.03,53.12,53.6,-0.48,-0.8955,23232.48,123265.29
136,300659.SZ,20200828,52.01,53.88,51.5,53.6,52.48,1.12,2.1341,23879.96,126510.43
137,300659.SZ,20200827,50.87,52.72,50.49,52.48,50.7,1.78,3.5108,17485.39,90792.144
138,300659.SZ,20200826,52.25,53.1,50.3,50.7,52.72,-2.02,-3.8316,22170.34,114090.069
139,300659.SZ,20200825,52.96,53.68,52.0,52.72,52.95,-0.23,-0.4344,22144.57,116889.158
140,300659.SZ,20200824,53.65,53.8,51.8,52.95,53.63,-0.68,-1.2679,20612.48,108791.548
141,300659.SZ,20200821,53.94,55.35,52.9,53.63,53.6,0.03,0.056,18711.99,101060.139
142,300659.SZ,20200820,54.0,54.87,52.58,53.6,53.8,-0.2,-0.3717,21245.54,113055.82
143,300659.SZ,20200819,56.58,56.58,53.7,53.8,56.06,-2.26,-4.0314,19925.43,108527.825
144,300659.SZ,20200818,57.09,57.59,55.7,56.06,57.1,-1.04,-1.8214,16967.46,96093.917
145,300659.SZ,20200817,56.07,57.32,54.1,57.1,55.09,2.01,3.6486,23648.67,133075.349
146,300659.SZ,20200814,54.0,55.6,53.48,55.09,53.8,1.29,2.3978,15648.77,84815.148
147,300659.SZ,20200813,54.24,55.28,53.2,53.8,54.23,-0.43,-0.7929,15181.9,81932.728
148,300659.SZ,20200812,57.21,57.85,53.0,54.23,57.89,-3.66,-6.3223,40769.2,223300.318
149,300659.SZ,20200811,59.36,60.2,57.23,57.89,59.9,-2.01,-3.3556,25870.62,151357.877
150,300659.SZ,20200810,58.88,62.2,58.4,59.9,59.09,0.81,1.3708,43889.27,266899.272
151,300659.SZ,20200807,59.95,60.28,57.91,59.09,59.7,-0.61,-1.0218,33281.07,195868.024
152,300659.SZ,20200806,60.5,60.65,58.3,59.7,60.3,-0.6,-0.995,22917.27,136438.38
153,300659.SZ,20200805,60.4,61.47,59.3,60.3,59.89,0.41,0.6846,25251.25,152183.511
154,300659.SZ,20200804,62.6,62.79,55.58,59.89,61.75,-1.86,-3.0121,32836.99,197957.276
155,300659.SZ,20200803,60.2,61.99,59.2,61.75,59.95,1.8,3.0025,29612.11,180505.584
156,300659.SZ,20200731,60.8,61.8,59.9,59.95,61.31,-1.36,-2.2182,29264.91,177099.503
157,300659.SZ,20200730,64.07,64.28,60.35,61.31,64.3,-2.99,-4.6501,40918.54,251734.821
158,300659.SZ,20200729,61.12,64.38,61.12,64.3,60.48,3.82,6.3161,42370.21,268913.37
159,300659.SZ,20200728,59.0,60.69,58.01,60.48,58.19,2.29,3.9354,29188.04,174756.415
160,300659.SZ,20200727,56.19,61.22,56.19,58.19,56.18,2.01,3.5778,48783.97,284980.385
161,300659.SZ,20200724,61.91,62.72,55.88,56.18,61.91,-5.73,-9.2554,43297.0,252929.964
162,300659.SZ,20200723,62.1,63.77,60.3,61.91,62.8,-0.89,-1.4172,22427.02,137921.632
163,300659.SZ,20200722,62.55,63.63,61.44,62.8,61.9,0.9,1.454,30251.94,190087.064
164,300659.SZ,20200721,63.2,63.5,61.25,61.9,62.88,-0.98,-1.5585,23497.44,145920.341
165,300659.SZ,20200720,62.75,62.88,60.19,62.88,61.61,1.27,2.0614,31269.82,192950.403
166,300659.SZ,20200717,61.85,64.0,60.8,61.61,61.95,-0.34,-0.5488,29848.21,186657.723
167,300659.SZ,20200716,63.64,64.48,58.51,61.95,63.05,-1.1,-1.7446,36548.74,227625.868
168,300659.SZ,20200715,66.83,67.45,62.68,63.05,66.42,-3.37,-5.0738,46137.84,296491.355
169,300659.SZ,20200714,68.0,68.1,65.6,66.42,68.82,-2.4,-3.4874,41290.38,275182.244
170,300659.SZ,20200713,67.8,69.0,66.49,68.82,68.66,0.16,0.233,66329.02,447993.82
171,300659.SZ,20200710,71.89,73.06,68.36,68.66,72.68,-4.02,-5.5311,47901.84,335994.942
172,300659.SZ,20200709,70.3,75.35,68.5,72.68,68.5,4.18,6.1022,60192.38,430294.963
173,300659.SZ,20200708,67.0,68.63,65.08,68.5,65.59,2.91,4.4367,59670.59,401900.859
174,300659.SZ,20200707,59.71,65.59,59.71,65.59,59.63,5.96,9.995,40733.8,255985.813
175,300659.SZ,20200706,58.6,60.61,57.81,59.63,58.36,1.27,2.1761,36818.6,219079.278
176,300659.SZ,20200703,56.91,59.2,56.11,58.36,56.91,1.45,2.5479,35635.07,205885.457
177,300659.SZ,20200702,58.0,58.0,56.4,56.91,57.91,-1.0,-1.7268,44503.51,254473.114
178,300659.SZ,20200701,60.3,61.5,57.0,57.91,60.02,-2.11,-3.5155,45686.14,267898.487
179,300659.SZ,20200630,60.4,61.48,58.74,60.02,61.11,-1.09,-1.7837,47534.59,283197.213
180,300659.SZ,20200629,61.5,63.35,60.78,61.11,62.31,-1.2,-1.9259,18615.67,114607.071
181,300659.SZ,20200624,62.0,63.95,61.2,62.31,61.61,0.7,1.1362,27550.61,172645.783
182,300659.SZ,20200623,60.0,62.61,59.71,61.61,60.42,1.19,1.9695,25851.54,158914.874
183,300659.SZ,20200622,59.5,60.76,58.13,60.42,59.02,1.4,2.3721,32858.59,195396.585
184,300659.SZ,20200619,59.24,59.37,58.0,59.02,58.87,0.15,0.2548,20533.9,120835.877
185,300659.SZ,20200618,57.75,59.79,56.8,58.87,57.8,1.07,1.8512,26086.29,153159.285
186,300659.SZ,20200617,60.0,60.0,57.55,57.8,59.48,-1.68,-2.8245,29708.37,173274.171
187,300659.SZ,20200616,57.0,60.9,56.66,59.48,56.4,3.08,5.461,37142.16,221438.424
188,300659.SZ,20200615,58.31,59.02,55.99,56.4,58.31,-1.91,-3.2756,26076.48,149555.594
189,300659.SZ,20200612,56.65,59.24,56.22,58.31,57.96,0.35,0.6039,30594.07,177719.151
190,300659.SZ,20200611,55.25,59.59,54.85,57.96,55.2,2.76,5.0,52389.91,301956.048
191,300659.SZ,20200610,54.8,55.31,53.32,55.2,54.66,0.54,0.9879,26208.08,142403.092
192,300659.SZ,20200609,55.17,55.68,54.03,54.66,54.91,-0.25,-0.4553,21710.75,118538.483
193,300659.SZ,20200608,56.85,57.91,54.72,54.91,56.28,-1.37,-2.4343,21284.8,119061.246
194,300659.SZ,20200605,57.3,57.79,55.69,56.28,57.3,-1.02,-1.7801,22070.78,124783.261
195,300659.SZ,20200604,58.45,58.45,56.41,57.3,58.11,-0.81,-1.3939,20886.74,119732.166
196,300659.SZ,20200603,59.45,59.45,57.21,58.11,57.88,0.23,0.3974,20765.69,121211.975
197,300659.SZ,20200602,58.08,60.62,57.54,57.88,57.79,0.09,0.1557,31626.33,186230.772
198,300659.SZ,20200601,56.54,58.35,54.21,57.79,56.2,1.59,2.8292,37232.31,210807.194
199,300659.SZ,20200529,55.0,56.56,54.17,56.2,54.21,1.99,3.6709,25951.16,143998.83
200,300659.SZ,20200528,54.8,55.5,52.53,54.21,54.8,-0.59,-1.0766,22184.37,119123.192
201,300659.SZ,20200527,56.45,56.79,53.81,54.8,55.97,-1.17,-2.0904,25761.77,141864.157
202,300659.SZ,20200526,54.5,56.94,54.14,55.97,54.5,1.47,2.6972,31682.02,177020.758
203,300659.SZ,20200525,54.99,55.21,52.8,54.5,54.85,-0.35,-0.6381,25630.59,137779.048
204,300659.SZ,20200522,56.96,57.06,54.02,54.85,56.73,-1.88,-3.3139,27188.13,150111.229
205,300659.SZ,20200521,59.94,59.94,56.47,56.73,59.55,-2.82,-4.7355,27551.21,159316.747
206,300659.SZ,20200520,61.87,61.9,58.66,59.55,62.2,-2.65,-4.2605,26901.6,161498.714
207,300659.SZ,20200519,60.02,62.79,59.5,62.2,59.8,2.4,4.0134,26872.71,165683.509
208,300659.SZ,20200518,61.35,61.76,59.2,59.8,60.52,-0.72,-1.1897,25708.32,155116.692
209,300659.SZ,20200515,62.85,63.21,59.3,60.52,61.43,-0.91,-1.4814,31175.05,190949.95
210,300659.SZ,20200514,98.74,100.76,97.52,98.49,100.2,-1.71,-1.7066,12858.09,126858.645
211,300659.SZ,20200513,97.0,100.71,96.01,100.2,97.4,2.8,2.8747,20215.45,199387.597
212,300659.SZ,20200512,97.03,97.8,94.2,97.4,95.88,1.52,1.5853,23086.65,222232.08
213,300659.SZ,20200511,103.73,105.72,95.2,95.88,101.8,-5.92,-5.8153,35613.55,348043.11
214,300659.SZ,20200508,101.4,104.34,98.0,101.8,100.4,1.4,1.3944,30745.29,310466.598
215,300659.SZ,20200507,94.41,100.4,94.04,100.4,91.27,9.13,10.0033,33416.86,328716.482
216,300659.SZ,20200506,81.5,91.27,81.5,91.27,82.97,8.3,10.0036,20310.58,178009.547
217,300659.SZ,20200430,77.99,85.0,77.0,82.97,78.0,4.97,6.3718,20528.69,169500.987
218,300659.SZ,20200429,77.74,81.47,77.2,78.0,77.86,0.14,0.1798,12559.41,99534.626
219,300659.SZ,20200428,82.8,82.8,74.84,77.86,80.2,-2.34,-2.9177,16545.67,129460.638
220,300659.SZ,20200427,80.3,82.18,79.13,80.2,81.0,-0.8,-0.9877,10407.96,83645.246
221,300659.SZ,20200424,83.94,84.55,80.16,81.0,83.15,-2.15,-2.5857,10847.4,89329.354
222,300659.SZ,20200423,82.6,85.98,81.51,83.15,82.2,0.95,1.1557,16603.47,140059.792
223,300659.SZ,20200422,80.65,83.5,80.65,82.2,82.69,-0.49,-0.5926,10037.93,82063.063
224,300659.SZ,20200421,82.28,83.2,80.25,82.69,82.26,0.43,0.5227,15241.66,124313.331
225,300659.SZ,20200420,83.0,83.99,80.0,82.26,84.5,-2.24,-2.6509,22779.95,185253.459
226,300659.SZ,20200417,79.5,85.28,79.49,84.5,79.0,5.5,6.962,21736.28,180228.53
227,300659.SZ,20200416,79.39,80.0,77.5,79.0,79.39,-0.39,-0.4912,9972.35,78813.791
228,300659.SZ,20200415,81.66,81.9,79.02,79.39,80.5,-1.11,-1.3789,13274.18,106309.26
229,300659.SZ,20200414,83.43,83.57,79.5,80.5,82.35,-1.85,-2.2465,14713.66,119341.936
230,300659.SZ,20200413,83.52,84.03,80.0,82.35,84.0,-1.65,-1.9643,13478.88,110997.005
231,300659.SZ,20200410,88.5,88.5,83.0,84.0,88.41,-4.41,-4.9881,22976.88,194283.808
232,300659.SZ,20200409,88.5,89.13,87.0,88.41,88.14,0.27,0.3063,13163.08,115848.975
233,300659.SZ,20200408,86.99,89.0,86.0,88.14,87.7,0.44,0.5017,17295.97,151860.521
234,300659.SZ,20200407,84.0,89.2,83.01,87.7,82.0,5.7,6.9512,21181.89,184566.023
235,300659.SZ,20200403,79.2,82.49,77.5,82.0,79.66,2.34,2.9375,19605.83,157441.246
236,300659.SZ,20200402,74.87,80.01,74.87,79.66,74.5,5.16,6.9262,26251.68,202543.539
237,300659.SZ,20200401,72.0,76.96,70.11,74.5,70.0,4.5,6.4286,27270.69,203640.089
238,300659.SZ,20200331,71.8,73.5,69.0,70.0,71.76,-1.76,-2.4526,22361.49,157418.523
239,300659.SZ,20200330,77.3,77.3,70.0,71.76,77.55,-5.79,-7.4662,21317.46,153039.495
240,300659.SZ,20200327,78.99,79.78,73.58,77.55,78.22,-0.67,-0.8566,23057.37,175679.304
241,300659.SZ,20200326,80.0,80.25,77.0,78.22,80.18,-1.96,-2.4445,13329.7,104924.031
242,300659.SZ,20200325,79.77,81.35,78.5,80.18,77.36,2.82,3.6453,15822.45,126414.893
243,300659.SZ,20200324,80.2,80.9,74.29,77.36,77.84,-0.48,-0.6166,23597.52,184092.792
244,300659.SZ,20200323,78.77,80.07,76.0,77.84,81.85,-4.01,-4.8992,25084.75,195779.583
245,300659.SZ,20200320,84.12,86.1,79.5,81.85,83.4,-1.55,-1.8585,24620.29,203454.864
246,300659.SZ,20200319,83.0,84.95,80.2,83.4,83.0,0.4,0.4819,22162.65,183474.3
247,300659.SZ,20200318,85.95,89.38,82.44,83.0,84.8,-1.8,-2.1226,30609.88,265010.214
248,300659.SZ,20200317,84.57,89.28,80.52,84.8,85.8,-1.0,-1.1655,35054.26,299224.185
249,300659.SZ,20200316,86.0,90.5,84.99,85.8,84.99,0.81,0.9531,38597.7,337340.653
250,300659.SZ,20200313,75.0,87.16,75.0,84.99,79.6,5.39,6.7714,39349.13,322964.164
251,300659.SZ,20200312,76.32,79.6,73.9,79.6,78.5,1.1,1.4013,30714.13,238049.767
252,300659.SZ,20200311,75.5,82.16,75.5,78.5,75.33,3.17,4.2082,38807.28,309207.604
253,300659.SZ,20200310,70.99,75.98,70.99,75.33,73.16,2.17,2.9661,23647.48,174394.39
254,300659.SZ,20200309,77.0,77.49,72.0,73.16,77.79,-4.63,-5.9519,24341.72,180128.134
255,300659.SZ,20200306,77.66,78.8,76.66,77.79,78.09,-0.3,-0.3842,16633.74,129494.361
256,300659.SZ,20200305,79.72,80.4,76.01,78.09,77.77,0.32,0.4115,17223.0,134704.728
257,300659.SZ,20200304,79.95,80.65,76.58,77.77,79.28,-1.51,-1.9046,16826.76,131839.857
258,300659.SZ,20200303,78.45,82.98,78.12,79.28,77.77,1.51,1.9416,31315.33,251891.293
259,300659.SZ,20200302,80.08,80.25,75.8,77.77,77.95,-0.18,-0.2309,29534.77,229395.918
260,300659.SZ,20200228,78.99,82.54,75.5,77.95,82.7,-4.75,-5.7437,33101.73,259105.505
261,300659.SZ,20200227,82.0,85.5,79.4,82.7,79.7,3.0,3.7641,20396.33,168211.786
262,300659.SZ,20200226,83.53,85.8,78.6,79.7,85.53,-5.83,-6.8163,28738.06,236302.833
263,300659.SZ,20200225,87.6,88.0,81.0,85.53,89.2,-3.67,-4.1143,31003.55,263788.512
264,300659.SZ,20200224,86.9,92.5,86.89,89.2,88.88,0.32,0.36,18786.79,168752.698
265,300659.SZ,20200221,87.33,92.5,86.3,88.88,88.88,0.0,0.0,23200.02,208973.825
266,300659.SZ,20200220,87.83,89.62,85.08,88.88,87.5,1.38,1.5771,18064.66,157282.624
267,300659.SZ,20200219,86.73,90.38,85.73,87.5,86.95,0.55,0.6325,17935.47,159097.295
268,300659.SZ,20200218,84.74,88.1,82.2,86.95,84.05,2.9,3.4503,23144.44,198059.489
269,300659.SZ,20200217,82.18,85.0,81.01,84.05,80.34,3.71,4.6179,19918.1,166063.844
270,300659.SZ,20200214,77.14,82.5,76.58,80.34,77.0,3.34,4.3377,26301.3,211289.945
271,300659.SZ,20200213,78.79,79.0,76.38,77.0,78.78,-1.78,-2.2595,16401.32,127713.244
272,300659.SZ,20200212,77.75,79.4,75.2,78.78,78.6,0.18,0.229,25719.59,198699.751
273,300659.SZ,20200211,78.91,79.28,76.69,78.6,78.9,-0.3,-0.3802,13559.3,105825.66
274,300659.SZ,20200210,81.35,83.78,77.8,78.9,81.79,-2.89,-3.5334,20645.57,165349.585
275,300659.SZ,20200207,79.99,83.3,77.81,81.79,79.99,1.8,2.2503,22963.84,186808.319
276,300659.SZ,20200206,77.5,82.0,75.41,79.99,78.17,1.82,2.3283,19487.34,152718.807
277,300659.SZ,20200205,77.74,79.97,76.11,78.17,77.9,0.27,0.3466,13190.37,103577.944
278,300659.SZ,20200204,69.88,79.8,69.84,77.9,73.67,4.23,5.7418,22251.25,167484.321
279,300659.SZ,20200203,73.67,73.67,73.67,73.67,81.86,-8.19,-10.0049,2703.0,19913.001
280,300659.SZ,20200123,80.0,86.0,78.47,81.86,87.19,-5.33,-6.1131,21219.76,171923.023
281,300659.SZ,20200122,81.48,88.5,77.4,87.19,84.0,3.19,3.7976,24852.01,204337.688
282,300659.SZ,20200121,79.12,84.99,79.0,84.0,80.99,3.01,3.7165,18071.81,149902.733
283,300659.SZ,20200120,75.6,82.16,74.29,80.99,78.55,2.44,3.1063,26769.87,211925.703
284,300659.SZ,20200117,75.0,79.83,74.0,78.55,72.57,5.98,8.2403,39829.01,310402.218
285,300659.SZ,20200116,69.93,74.46,68.0,72.57,69.8,2.77,3.9685,17803.53,128326.258
286,300659.SZ,20200115,67.43,70.2,67.21,69.8,67.88,1.92,2.8285,15061.55,103705.443
287,300659.SZ,20200114,67.0,69.99,65.41,67.88,66.86,1.02,1.5256,25868.29,175526.159
288,300659.SZ,20200113,66.18,67.75,63.88,66.86,66.2,0.66,0.997,18247.14,120051.021
289,300659.SZ,20200110,68.18,70.45,65.54,66.2,66.88,-0.68,-1.0167,26763.85,180819.236
290,300659.SZ,20200109,61.5,66.88,60.81,66.88,60.8,6.08,10.0,25134.51,162745.017
291,300659.SZ,20200108,61.33,62.62,60.5,60.8,61.44,-0.64,-1.0417,12448.98,76483.786
292,300659.SZ,20200107,60.0,62.77,59.6,61.44,60.0,1.44,2.4,18011.94,110763.065
293,300659.SZ,20200106,59.6,61.0,59.24,60.0,60.1,-0.1,-0.1664,12787.48,77070.849
294,300659.SZ,20200103,62.78,62.78,59.53,60.1,62.51,-2.41,-3.8554,23641.8,143500.097
295,300659.SZ,20200102,64.89,64.89,61.18,62.51,63.97,-1.46,-2.2823,25901.96,162033.788
296,300659.SZ,20191231,63.0,64.8,61.81,63.97,64.19,-0.22,-0.3427,18798.19,119011.524
297,300659.SZ,20191230,59.84,64.38,56.71,64.19,60.0,4.19,6.9833,32063.37,196316.083
298,300659.SZ,20191227,60.48,60.95,58.75,60.0,60.48,-0.48,-0.7937,14476.84,86185.798
299,300659.SZ,20191226,60.87,61.79,59.19,60.48,61.0,-0.52,-0.8525,13522.22,81692.077
300,300659.SZ,20191225,59.63,62.96,59.11,61.0,60.32,0.68,1.1273,16307.66,100071.932
301,300659.SZ,20191224,58.97,60.5,57.38,60.32,58.98,1.34,2.272,16670.25,98280.946
302,300659.SZ,20191223,63.0,63.61,57.38,58.98,63.75,-4.77,-7.4824,41222.25,244172.027
303,300659.SZ,20191220,67.33,68.29,63.35,63.75,67.34,-3.59,-5.3312,32861.82,214176.622
304,300659.SZ,20191219,66.26,68.05,65.7,67.34,67.35,-0.01,-0.0148,18208.37,122391.114
305,300659.SZ,20191218,69.24,69.33,66.5,67.35,70.5,-3.15,-4.4681,31514.14,213252.242
306,300659.SZ,20191217,68.74,71.0,66.66,70.5,65.18,5.32,8.162,39203.01,270358.163
307,300659.SZ,20191216,58.99,65.18,57.88,65.18,59.25,5.93,10.0084,16713.54,106236.948
308,300659.SZ,20191213,59.03,60.0,57.91,59.25,58.78,0.47,0.7996,14004.49,82840.499
309,300659.SZ,20191212,59.34,60.98,58.67,58.78,59.25,-0.47,-0.7932,19159.69,114791.901
310,300659.SZ,20191211,59.79,60.8,58.82,59.25,60.28,-1.03,-1.7087,11765.95,70150.018
311,300659.SZ,20191210,57.2,60.46,56.18,60.28,58.6,1.68,2.8669,17812.05,103476.068
312,300659.SZ,20191209,56.39,58.66,55.81,58.6,56.49,2.11,3.7352,17431.49,100502.486
313,300659.SZ,20191206,57.14,57.14,55.1,56.49,57.37,-0.88,-1.5339,13065.62,72989.349
314,300659.SZ,20191205,55.14,57.37,54.68,57.37,55.14,2.23,4.0443,15155.81,84863.227
315,300659.SZ,20191204,55.07,55.65,54.07,55.14,55.0,0.14,0.2545,10752.37,58955.42
316,300659.SZ,20191203,54.48,55.48,53.51,55.0,54.69,0.31,0.5668,12543.03,68659.693
317,300659.SZ,20191202,52.3,55.32,51.2,54.69,51.49,3.2,6.2148,17870.6,96771.994
318,300659.SZ,20191129,50.88,52.48,50.88,51.49,50.8,0.69,1.3583,6391.6,33056.818
319,300659.SZ,20191128,52.58,52.74,50.5,50.8,52.0,-1.2,-2.3077,9265.0,47648.902
320,300659.SZ,20191127,52.8,53.36,51.71,52.0,52.39,-0.39,-0.7444,5749.33,30113.06
321,300659.SZ,20191126,50.66,52.5,50.66,52.39,51.9,0.49,0.9441,6413.29,33366.491
322,300659.SZ,20191125,54.0,54.48,50.85,51.9,54.01,-2.11,-3.9067,12506.35,64659.424
323,300659.SZ,20191122,55.01,55.99,52.7,54.01,55.49,-1.48,-2.6671,11867.28,64231.088
324,300659.SZ,20191121,56.53,56.53,54.42,55.49,56.78,-1.29,-2.2719,10344.73,57261.612
325,300659.SZ,20191120,53.79,58.33,53.09,56.78,54.06,2.72,5.0314,24394.85,137758.892
326,300659.SZ,20191119,53.47,54.28,52.64,54.06,53.5,0.56,1.0467,9202.63,49479.879
327,300659.SZ,20191118,55.0,55.2,51.6,53.5,55.0,-1.5,-2.7273,22513.67,119407.444
328,300659.SZ,20191115,52.25,57.49,50.88,55.0,52.29,2.71,5.1826,32912.17,181028.637
329,300659.SZ,20191114,51.1,53.31,50.2,52.29,51.06,1.23,2.4089,13673.84,70532.704
330,300659.SZ,20191113,51.64,51.91,50.27,51.06,51.99,-0.93,-1.7888,12739.75,64838.14
331,300659.SZ,20191112,51.0,52.4,50.3,51.99,51.8,0.19,0.3668,11656.79,60247.378
332,300659.SZ,20191111,51.0,53.44,50.06,51.8,52.38,-0.58,-1.1073,20588.82,107779.155
333,300659.SZ,20191108,54.18,55.27,52.31,52.38,53.62,-1.24,-2.3126,15339.52,82492.21
334,300659.SZ,20191107,53.36,55.2,52.65,53.62,53.18,0.44,0.8274,15351.46,82981.355
335,300659.SZ,20191106,55.47,55.83,52.0,53.18,55.15,-1.97,-3.5721,15720.51,84657.671
336,300659.SZ,20191105,56.94,56.94,54.88,55.15,55.91,-0.76,-1.3593,9760.92,53998.159
337,300659.SZ,20191104,55.88,56.94,55.0,55.91,55.5,0.41,0.7387,10259.98,57645.248
338,300659.SZ,20191101,54.61,56.38,54.06,55.5,55.16,0.34,0.6164,8464.05,46895.424
339,300659.SZ,20191031,55.52,57.0,54.6,55.16,55.58,-0.42,-0.7557,10467.3,58077.247
340,300659.SZ,20191030,56.0,56.0,54.44,55.58,56.8,-1.22,-2.1479,10696.4,59414.972
341,300659.SZ,20191029,58.0,58.0,54.08,56.8,58.09,-1.29,-2.2207,20178.73,112845.109
342,300659.SZ,20191028,59.85,59.98,56.0,58.09,57.84,0.25,0.4322,23230.01,133722.016
343,300659.SZ,20191025,55.51,59.1,54.0,57.84,54.7,3.14,5.7404,19912.09,113521.243
344,300659.SZ,20191024,56.0,56.86,53.82,54.7,56.24,-1.54,-2.7383,16284.27,89317.532
345,300659.SZ,20191023,56.58,58.3,55.67,56.24,56.8,-0.56,-0.9859,11375.61,64718.418
346,300659.SZ,20191022,55.07,57.44,54.23,56.8,54.91,1.89,3.442,12706.2,71754.643
347,300659.SZ,20191021,54.46,55.99,53.7,54.91,54.5,0.41,0.7523,14731.09,80567.608
348,300659.SZ,20191018,54.5,55.39,53.01,54.5,55.2,-0.7,-1.2681,12700.79,69019.231
349,300659.SZ,20191017,55.0,57.33,53.62,55.2,55.36,-0.16,-0.289,21379.71,118477.045
350,300659.SZ,20191016,56.53,56.66,55.11,55.36,55.95,-0.59,-1.0545,14331.73,79770.748
351,300659.SZ,20191015,57.8,57.93,54.88,55.95,58.29,-2.34,-4.0144,21847.35,122036.878
352,300659.SZ,20191014,59.33,59.67,56.9,58.29,58.79,-0.5,-0.8505,28385.82,164893.278
353,300659.SZ,20191011,56.7,60.5,56.61,58.79,55.94,2.85,5.0947,40636.55,236834.168
354,300659.SZ,20191010,50.85,55.94,50.3,55.94,50.85,5.09,10.0098,23469.13,126622.562
355,300659.SZ,20191009,51.3,51.3,49.01,50.85,51.0,-0.15,-0.2941,14008.61,70377.429
356,300659.SZ,20191008,54.0,55.5,50.4,51.0,56.0,-5.0,-8.9286,32887.77,171169.689
357,300659.SZ,20190930,54.14,56.0,52.0,56.0,53.14,2.86,5.382,30854.93,166940.846
358,300659.SZ,20190927,48.34,53.14,47.5,53.14,48.31,4.83,9.9979,30102.23,156069.736
359,300659.SZ,20190926,49.25,50.5,47.0,48.31,49.2,-0.89,-1.8089,23400.12,113862.707
360,300659.SZ,20190925,51.45,51.6,49.0,49.2,51.7,-2.5,-4.8356,25377.0,126769.757
361,300659.SZ,20190924,51.51,52.4,50.53,51.7,51.65,0.05,0.0968,28521.87,147060.099
362,300659.SZ,20190923,47.0,51.7,46.8,51.65,48.72,2.93,6.014,51577.04,256236.256
363,300659.SZ,20190920,48.21,50.55,47.86,48.72,48.1,0.62,1.289,35230.68,171852.557
364,300659.SZ,20190919,48.04,48.49,46.9,48.1,47.5,0.6,1.2632,20781.33,99297.278
365,300659.SZ,20190918,49.21,49.6,47.22,47.5,49.11,-1.61,-3.2784,20658.51,98900.253
366,300659.SZ,20190917,50.65,51.58,48.4,49.11,51.68,-2.57,-4.9729,26021.71,128655.592
367,300659.SZ,20190916,51.3,53.13,49.55,51.68,51.3,0.38,0.7407,22203.77,113797.809
368,300659.SZ,20190912,50.55,52.15,49.02,51.3,51.58,-0.28,-0.5428,27803.8,140602.476
369,300659.SZ,20190911,50.0,53.45,48.51,51.58,49.71,1.87,3.7618,52238.73,268910.687
370,300659.SZ,20190910,53.45,53.56,48.8,49.71,52.11,-2.4,-4.6056,50482.66,255742.191
371,300659.SZ,20190909,49.98,52.36,49.69,52.11,49.0,3.11,6.3469,45351.33,231610.261
372,300659.SZ,20190906,51.3,52.32,47.05,49.0,51.84,-2.84,-5.4784,41633.75,206330.337
373,300659.SZ,20190905,51.59,54.5,49.89,51.84,51.66,0.18,0.3484,41862.82,215117.367
374,300659.SZ,20190904,52.0,53.0,49.5,51.66,52.5,-0.84,-1.6,26235.96,133927.151
375,300659.SZ,20190903,51.99,55.9,51.1,52.5,53.72,-1.22,-2.271,32321.35,173152.629
376,300659.SZ,20190902,52.1,54.22,47.02,53.72,50.58,3.14,6.208,55411.04,278489.868
377,300659.SZ,20190830,51.5,55.08,48.1,50.58,50.07,0.51,1.0186,43555.2,230212.487
378,300659.SZ,20190829,45.89,50.07,45.01,50.07,45.52,4.55,9.9956,23110.52,112173.889
379,300659.SZ,20190828,43.54,46.25,43.42,45.52,44.01,1.51,3.431,15049.15,67650.466
380,300659.SZ,20190827,43.58,45.45,43.49,44.01,43.06,0.95,2.2062,16504.4,73590.829
381,300659.SZ,20190826,41.31,44.45,41.31,43.06,42.08,0.98,2.3289,16152.34,69529.841
382,300659.SZ,20190823,42.64,42.9,41.6,42.08,42.6,-0.52,-1.2207,8265.49,34687.467
383,300659.SZ,20190822,42.34,43.0,41.4,42.6,42.82,-0.22,-0.5138,13567.8,57124.071
384,300659.SZ,20190821,41.92,43.59,41.16,42.82,42.6,0.22,0.5164,24419.33,103395.492
385,300659.SZ,20190820,43.33,43.5,41.66,42.6,43.35,-0.75,-1.7301,20988.22,89076.062
386,300659.SZ,20190819,41.89,45.45,41.89,43.35,41.58,1.77,4.2569,56031.16,242801.074
387,300659.SZ,20190816,37.84,41.58,37.84,41.58,37.8,3.78,10.0,34811.25,141765.094
388,300659.SZ,20190815,37.59,38.5,35.02,37.8,38.38,-0.58,-1.5112,19399.85,72384.866
389,300659.SZ,20190814,36.0,38.5,35.89,38.38,35.9,2.48,6.9081,25094.13,93473.513
390,300659.SZ,20190813,34.93,36.57,34.88,35.9,34.88,1.02,2.9243,16575.06,59536.846
391,300659.SZ,20190812,34.44,35.02,34.12,34.88,34.44,0.44,1.2776,9523.4,32964.604
392,300659.SZ,20190809,33.88,35.1,33.69,34.44,33.49,0.95,2.8367,14923.8,51513.404
393,300659.SZ,20190808,32.75,33.79,32.5,33.49,32.45,1.04,3.2049,14866.53,49592.392
394,300659.SZ,20190807,33.99,34.0,32.2,32.45,33.98,-1.53,-4.5026,11160.23,36514.769
395,300659.SZ,20190806,35.0,35.2,31.78,33.98,35.31,-1.33,-3.7666,11395.1,38357.421
396,300659.SZ,20190805,35.69,36.22,35.03,35.31,35.69,-0.38,-1.0647,8890.69,31778.521
397,300659.SZ,20190802,34.8,35.95,34.5,35.69,35.68,0.01,0.028,9209.27,32505.101
398,300659.SZ,20190801,34.1,36.0,34.1,35.68,34.56,1.12,3.2407,15856.72,56353.723
399,300659.SZ,20190731,34.69,34.69,33.86,34.56,34.37,0.19,0.5528,9760.48,33463.993
400,300659.SZ,20190730,34.04,34.75,33.8,34.37,34.2,0.17,0.4971,7646.39,26217.621
401,300659.SZ,20190729,34.8,34.8,33.88,34.2,34.2,0.0,0.0,5221.88,17892.276
402,300659.SZ,20190726,34.62,34.97,33.84,34.2,34.62,-0.42,-1.2132,10316.84,35356.826
403,300659.SZ,20190725,34.05,34.87,34.03,34.62,34.45,0.17,0.4935,8691.1,29984.505
404,300659.SZ,20190724,35.2,35.48,34.0,34.45,35.2,-0.75,-2.1307,7236.48,25129.397
405,300659.SZ,20190723,34.31,35.2,34.0,35.2,34.32,0.88,2.5641,3400.83,11827.894
406,300659.SZ,20190722,36.0,36.0,34.16,34.32,35.68,-1.36,-3.8117,7341.47,25513.599
407,300659.SZ,20190719,35.97,36.66,35.5,35.68,35.68,0.0,0.0,4057.91,14559.578
408,300659.SZ,20190718,36.9,36.9,35.4,35.68,36.7,-1.02,-2.7793,8684.84,31200.537
409,300659.SZ,20190717,36.33,37.19,36.0,36.7,36.29,0.41,1.1298,10123.86,37260.059
410,300659.SZ,20190716,35.95,36.65,35.42,36.29,35.7,0.59,1.6527,11432.6,41357.69
411,300659.SZ,20190715,34.33,36.34,34.03,35.7,34.94,0.76,2.1752,15196.77,53895.773
412,300659.SZ,20190712,35.82,35.82,34.0,34.94,35.92,-0.98,-2.7283,21742.2,75223.711
413,300659.SZ,20190711,37.8,38.15,35.8,35.92,37.23,-1.31,-3.5187,14744.0,53658.994
414,300659.SZ,20190710,36.6,37.6,36.6,37.23,36.97,0.26,0.7033,9810.34,36510.085
415,300659.SZ,20190709,36.02,37.12,35.92,36.97,35.89,1.08,3.0092,11082.16,40757.361
416,300659.SZ,20190708,37.78,37.78,35.25,35.89,37.65,-1.76,-4.6746,11896.67,43442.359
417,300659.SZ,20190705,38.2,38.25,36.8,37.65,37.85,-0.2,-0.5284,10140.97,37779.791
418,300659.SZ,20190704,37.75,38.44,37.37,37.85,38.0,-0.15,-0.3947,7969.8,30158.848
419,300659.SZ,20190703,39.04,39.1,37.11,38.0,39.11,-1.11,-2.8381,13622.95,51593.694
420,300659.SZ,20190702,39.04,39.36,38.36,39.11,39.0,0.11,0.2821,10890.1,42368.83
421,300659.SZ,20190701,37.2,39.4,37.15,39.0,36.35,2.65,7.2902,26418.1,101769.533
422,300659.SZ,20190628,36.62,36.99,36.1,36.35,36.88,-0.53,-1.4371,11322.03,41334.3
423,300659.SZ,20190627,36.84,37.33,36.41,36.88,36.68,0.2,0.5453,10159.0,37381.634
424,300659.SZ,20190626,37.44,37.8,36.38,36.68,37.71,-1.03,-2.7314,11677.85,42991.749
425,300659.SZ,20190625,38.5,39.18,37.05,37.71,38.96,-1.25,-3.2084,11000.37,41516.661
426,300659.SZ,20190624,38.99,40.25,38.58,38.96,38.66,0.3,0.776,11213.9,43989.005
427,300659.SZ,20190621,38.42,40.15,38.04,38.66,38.5,0.16,0.4156,19695.19,77181.987
428,300659.SZ,20190620,38.6,38.68,37.73,38.5,38.2,0.3,0.7853,14913.4,57008.77
429,300659.SZ,20190619,40.0,40.77,38.0,38.2,38.93,-0.73,-1.8752,11866.62,46069.292
430,300659.SZ,20190618,38.88,39.38,37.7,38.93,39.38,-0.45,-1.1427,11744.43,45128.127
431,300659.SZ,20190617,38.5,39.48,37.82,39.38,39.42,-0.04,-0.1015,10449.0,40667.035
432,300659.SZ,20190614,39.3,41.3,39.0,39.42,39.29,0.13,0.3309,14117.99,56949.462
433,300659.SZ,20190613,39.02,40.2,38.0,39.29,38.87,0.42,1.0805,18186.8,70628.229
434,300659.SZ,20190612,40.19,40.19,38.6,38.87,39.05,-0.18,-0.4609,16233.65,64232.916
435,300659.SZ,20190611,35.5,39.05,35.5,39.05,35.5,3.55,10.0,30179.79,113378.9
436,300659.SZ,20190610,35.5,36.4,35.04,35.5,35.2,0.3,0.8523,11217.76,40238.599
437,300659.SZ,20190606,35.21,38.38,35.0,35.2,35.8,-0.6,-1.676,25498.88,92895.907
438,300659.SZ,20190605,36.3,36.75,35.12,35.8,36.1,-0.3,-0.831,10368.8,36924.71
439,300659.SZ,20190604,36.48,37.67,34.28,36.1,37.31,-1.21,-3.2431,16393.96,59190.209
440,300659.SZ,20190603,38.15,38.27,36.11,37.31,37.99,-0.68,-1.7899,17176.66,63864.281
441,300659.SZ,20190531,37.48,38.42,37.24,37.99,37.49,0.5,1.3337,15145.76,57321.12
442,300659.SZ,20190530,38.0,38.0,36.6,37.49,38.19,-0.7,-1.8329,10878.06,40408.979
443,300659.SZ,20190529,38.0,38.87,37.52,38.19,39.1,-0.91,-2.3274,18534.2,70524.636
444,300659.SZ,20190528,39.92,40.4,38.63,39.1,40.28,-1.18,-2.9295,18369.08,72273.243
445,300659.SZ,20190527,38.13,40.95,38.0,40.28,38.37,1.91,4.9778,23325.34,92249.324
446,300659.SZ,20190524,39.4,39.48,38.0,38.37,39.8,-1.43,-3.593,16301.52,62828.185
447,300659.SZ,20190523,41.7,41.99,37.85,39.8,41.53,-1.73,-4.1657,32576.21,129975.812
448,300659.SZ,20190522,37.48,41.53,36.65,41.53,37.75,3.78,10.0132,40937.39,162091.244
449,300659.SZ,20190521,35.1,37.79,35.07,37.75,36.1,1.65,4.5706,24624.75,90562.203
450,300659.SZ,20190520,34.99,36.63,34.99,36.1,35.3,0.8,2.2663,28792.31,104001.194
451,300659.SZ,20190517,35.6,36.4,34.75,35.3,35.4,-0.1,-0.2825,32848.25,116089.213
452,300659.SZ,20190516,37.12,37.2,35.03,35.4,36.73,-1.33,-3.621,22053.14,79247.682
453,300659.SZ,20190515,36.38,36.73,35.6,36.73,36.4,0.33,0.9066,19569.17,70664.104
454,300659.SZ,20190514,36.18,37.29,35.96,36.4,37.29,-0.89,-2.3867,27563.48,100579.418
455,300659.SZ,20190513,36.14,37.87,35.1,37.29,35.62,1.67,4.6884,47812.15,173570.561
456,300659.SZ,20190510,33.02,35.72,33.02,35.72,32.47,3.25,10.0092,43629.65,153549.097
457,300659.SZ,20190509,31.68,34.2,31.63,32.47,34.45,-1.98,-5.7475,16381.62,54131.522
458,300659.SZ,20190508,31.95,35.3,31.08,34.45,32.41,2.04,6.2944,27053.5,88207.914
459,300659.SZ,20190507,33.84,33.99,32.01,32.41,33.45,-1.04,-3.1091,17331.57,57088.079
460,300659.SZ,20190506,32.72,35.7,32.62,33.45,36.24,-2.79,-7.6987,26750.28,90275.138
461,300659.SZ,20190430,34.3,37.25,34.3,36.24,33.86,2.38,7.0289,34785.92,125589.632
462,300659.SZ,20190429,41.38,41.38,33.86,33.86,37.62,-3.76,-9.9947,62217.47,237727.059
463,300659.SZ,20190426,34.8,37.62,34.2,37.62,34.2,3.42,10.0,37468.05,137489.567
464,300659.SZ,20190425,32.76,35.65,32.58,34.2,32.95,1.25,3.7936,41048.94,140575.698
465,300659.SZ,20190424,32.82,33.55,30.5,32.95,33.4,-0.45,-1.3473,27642.74,88167.126
466,300659.SZ,20190423,34.85,35.98,33.32,33.4,34.11,-0.71,-2.0815,18663.37,63847.035
467,300659.SZ,20190422,33.8,35.0,33.01,34.11,33.8,0.31,0.9172,19016.56,64510.9
468,300659.SZ,20190419,32.31,34.45,32.09,33.8,32.2,1.6,4.9689,22742.12,76443.456
469,300659.SZ,20190418,32.59,32.89,31.99,32.2,32.61,-0.41,-1.2573,10736.03,34647.398
470,300659.SZ,20190417,32.83,33.39,31.9,32.61,33.16,-0.55,-1.6586,16514.27,53611.992
471,300659.SZ,20190416,32.8,33.42,31.62,33.16,32.8,0.36,1.0976,14274.81,46488.693
472,300659.SZ,20190415,34.02,34.35,32.4,32.8,33.36,-0.56,-1.6787,20703.33,68966.984
473,300659.SZ,20190412,31.81,34.6,31.66,33.36,32.0,1.36,4.25,33349.88,111233.065
474,300659.SZ,20190411,31.8,32.9,31.52,32.0,32.43,-0.43,-1.3259,26493.65,85393.556
475,300659.SZ,20190410,32.63,33.2,31.85,32.43,32.5,-0.07,-0.2154,19362.71,63022.644
476,300659.SZ,20190409,33.52,33.9,32.22,32.5,32.72,-0.22,-0.6724,21496.71,70871.161
477,300659.SZ,20190408,35.56,35.68,32.0,32.72,34.53,-1.81,-5.2418,34135.11,113197.46
478,300659.SZ,20190404,34.9,35.79,33.84,34.53,34.9,-0.37,-1.0602,26030.48,90049.662
479,300659.SZ,20190403,34.0,35.98,33.9,34.9,34.19,0.71,2.0766,21481.16,75502.066
480,300659.SZ,20190402,34.0,35.16,33.02,34.19,33.9,0.29,0.8555,40157.1,137421.096
481,300659.SZ,20190401,32.2,34.3,32.15,33.9,31.72,2.18,6.8726,47120.17,157296.317
482,300659.SZ,20190329,29.42,31.98,29.42,31.72,29.95,1.77,5.9098,28863.91,89197.462
483,300659.SZ,20190328,28.77,30.16,28.74,29.95,29.06,0.89,3.0626,26850.11,79512.499
484,300659.SZ,20190327,29.7,29.7,28.5,29.06,29.49,-0.43,-1.4581,17528.16,50870.826
485,300659.SZ,20190326,29.07,30.55,29.07,29.49,29.0,0.49,1.6897,27422.62,81742.883
486,300659.SZ,20190325,28.56,29.97,28.1,29.0,29.36,-0.36,-1.2262,20625.05,60319.04
487,300659.SZ,20190322,29.82,29.87,28.65,29.36,29.84,-0.48,-1.6086,18235.09,53155.005
488,300659.SZ,20190321,30.1,30.52,29.2,29.84,30.04,-0.2,-0.6658,24741.53,74352.466
489,300659.SZ,20190320,29.98,30.7,28.38,30.04,30.45,-0.41,-1.3465,23821.35,70349.367
490,300659.SZ,20190319,29.3,31.6,29.0,30.45,29.38,1.07,3.6419,44554.01,136491.097
491,300659.SZ,20190318,29.08,29.38,27.8,29.38,29.15,0.23,0.789,29733.37,84664.543
492,300659.SZ,20190315,29.15,29.6,28.5,29.15,28.89,0.26,0.9,20649.81,60145.905
493,300659.SZ,20190314,31.18,31.18,28.88,28.89,32.09,-3.2,-9.972,67996.06,198289.904
494,300659.SZ,20190313,34.88,34.88,32.09,32.09,35.66,-3.57,-10.0112,50830.6,169094.901
495,300659.SZ,20190312,33.95,36.58,32.6,35.66,33.38,2.28,6.8304,57430.08,198578.228
496,300659.SZ,20190311,33.23,35.52,29.9,33.38,33.2,0.18,0.5422,57467.92,185901.619
497,300659.SZ,20190308,32.03,35.2,30.61,33.2,32.0,1.2,3.75,72255.32,243978.497
498,300659.SZ,20190307,29.4,32.0,29.27,32.0,29.09,2.91,10.0034,59034.53,183764.689
499,300659.SZ,20190306,30.48,30.48,28.72,29.09,30.64,-1.55,-5.0587,36265.0,105985.871
500,300659.SZ,20190305,30.58,31.12,28.81,30.64,30.0,0.64,2.1333,31475.22,94667.721
501,300659.SZ,20190304,29.24,31.16,29.0,30.0,29.3,0.7,2.3891,29837.87,89826.543
502,300659.SZ,20190301,28.46,29.94,28.04,29.3,28.0,1.3,4.6429,27199.51,78622.985
503,300659.SZ,20190228,28.1,29.77,27.5,28.0,27.06,0.94,3.4738,35612.76,101550.503
504,300659.SZ,20190227,28.44,30.2,26.62,27.06,28.45,-1.39,-4.8858,48775.71,139983.012
505,300659.SZ,20190226,28.0,29.91,27.92,28.45,27.78,0.67,2.4118,52950.99,152549.659
506,300659.SZ,20190225,26.3,27.78,26.3,27.78,25.25,2.53,10.0198,61401.98,167863.2
507,300659.SZ,20190222,23.1,25.36,23.1,25.25,23.7,1.55,6.5401,31655.88,76724.301
508,300659.SZ,20190221,23.62,24.12,23.0,23.7,23.55,0.15,0.6369,25303.4,59686.176
509,300659.SZ,20190220,24.5,24.7,23.22,23.55,24.04,-0.49,-2.0383,42388.69,100591.761
510,300659.SZ,20190219,22.15,24.04,21.61,24.04,21.85,2.19,10.0229,46672.63,109392.464
511,300659.SZ,20190218,21.31,22.18,21.31,21.85,21.08,0.77,3.6528,22675.2,49402.624
512,300659.SZ,20190215,20.78,21.45,20.65,21.08,20.75,0.33,1.5904,28052.29,59127.062
513,300659.SZ,20190214,20.86,21.3,20.55,20.75,20.51,0.24,1.1702,24070.45,50348.081
514,300659.SZ,20190213,19.5,21.0,19.48,20.51,19.68,0.83,4.2175,35830.14,73249.948
515,300659.SZ,20190212,19.8,20.4,19.44,19.68,19.46,0.22,1.1305,17625.75,35033.361
516,300659.SZ,20190211,18.51,19.52,18.39,19.46,18.41,1.05,5.7034,16634.96,31845.504
517,300659.SZ,20190201,18.21,18.55,17.94,18.41,18.0,0.41,2.2778,11119.57,20384.392
518,300659.SZ,20190131,19.2,19.34,17.73,18.0,19.21,-1.21,-6.2988,14022.8,25653.527
519,300659.SZ,20190130,19.7,20.0,19.18,19.21,20.0,-0.79,-3.95,10651.59,20744.93
520,300659.SZ,20190129,19.35,20.38,19.0,20.0,19.95,0.05,0.2506,12767.11,25131.941
521,300659.SZ,20190128,19.79,20.56,19.4,19.95,19.62,0.33,1.682,15777.6,31784.101
522,300659.SZ,20190125,20.22,20.42,19.55,19.62,20.21,-0.59,-2.9193,14825.35,29586.102
523,300659.SZ,20190124,19.98,20.79,19.45,20.21,19.86,0.35,1.7623,24959.91,50478.853
524,300659.SZ,20190123,20.01,20.04,19.6,19.86,20.15,-0.29,-1.4392,8764.22,17347.261
525,300659.SZ,20190122,19.52,20.22,19.3,20.15,19.5,0.65,3.3333,16954.47,33716.371
526,300659.SZ,20190121,19.19,19.8,19.19,19.5,19.28,0.22,1.1411,9115.6,17835.889
527,300659.SZ,20190118,19.28,19.48,19.0,19.28,19.28,0.0,0.0,10932.82,21024.523
528,300659.SZ,20190117,20.2,20.22,19.01,19.28,20.52,-1.24,-6.0429,29742.65,58340.408
529,300659.SZ,20190116,19.55,21.51,19.54,20.52,19.55,0.97,4.9616,31819.54,65682.223
530,300659.SZ,20190115,19.57,19.65,19.21,19.55,19.32,0.23,1.1905,15635.0,30409.943
531,300659.SZ,20190114,20.25,20.26,19.18,19.32,20.25,-0.93,-4.5926,16675.16,32794.34
532,300659.SZ,20190111,20.76,20.78,20.11,20.25,20.78,-0.53,-2.5505,17486.0,35503.878
533,300659.SZ,20190110,20.93,21.18,20.25,20.78,20.95,-0.17,-0.8115,26662.94,54898.592
534,300659.SZ,20190109,22.01,23.0,20.5,20.95,21.07,-0.12,-0.5695,35983.78,76664.009
535,300659.SZ,20190108,20.89,21.38,20.41,21.07,20.92,0.15,0.717,17332.25,36400.677
536,300659.SZ,20190107,20.05,20.98,19.96,20.92,19.87,1.05,5.2843,23382.62,47849.015
537,300659.SZ,20190104,18.64,20.36,18.64,19.87,19.15,0.72,3.7598,25803.0,51198.225
538,300659.SZ,20190103,19.68,19.78,19.01,19.15,19.22,-0.07,-0.3642,13418.3,26040.343
539,300659.SZ,20190102,19.77,20.19,18.87,19.22,19.79,-0.57,-2.8802,15366.26,29779.984
540,300659.SZ,20181228,20.2,20.31,19.01,19.79,19.93,-0.14,-0.7025,22294.82,43892.412
541,300659.SZ,20181227,20.4,20.63,19.88,19.93,19.86,0.07,0.3525,21019.32,42504.747
542,300659.SZ,20181226,20.5,20.8,19.55,19.86,20.15,-0.29,-1.4392,21528.6,43217.001
543,300659.SZ,20181225,19.02,20.77,19.0,20.15,19.21,0.94,4.8933,25195.21,50257.546
544,300659.SZ,20181224,18.53,19.58,18.51,19.21,19.08,0.13,0.6813,37819.87,71938.722
545,300659.SZ,20181221,18.51,19.28,18.51,19.08,20.57,-1.49,-7.2436,61393.51,114731.532
546,300659.SZ,20181220,20.57,20.57,20.57,20.57,22.86,-2.29,-10.0175,675.0,1388.475
547,300659.SZ,20181218,22.25,23.3,22.01,22.86,21.96,0.9,4.0984,20226.01,45787.078
548,300659.SZ,20181217,21.59,22.15,21.59,21.96,21.66,0.3,1.385,9141.14,20084.08
549,300659.SZ,20181214,22.55,22.56,21.0,21.66,22.78,-1.12,-4.9166,17527.6,38551.967
550,300659.SZ,20181213,22.53,23.16,22.5,22.78,22.28,0.5,2.2442,14472.6,33166.973
551,300659.SZ,20181212,22.88,22.97,22.25,22.28,22.98,-0.7,-3.0461,8461.58,19051.555
552,300659.SZ,20181211,22.65,23.19,22.6,22.98,22.92,0.06,0.2618,8004.2,18346.138
553,300659.SZ,20181210,22.65,23.25,22.2,22.92,22.74,0.18,0.7916,13208.6,30416.601
554,300659.SZ,20181207,22.53,22.95,22.53,22.74,22.53,0.21,0.9321,14135.6,32207.954
555,300659.SZ,20181206,22.99,24.0,22.5,22.53,23.11,-0.58,-2.5097,24076.52,55569.335
556,300659.SZ,20181205,21.37,23.48,21.14,23.11,21.9,1.21,5.5251,27465.25,61736.895
557,300659.SZ,20181204,22.38,22.74,20.5,21.9,22.7,-0.8,-3.5242,30863.19,67409.211
558,300659.SZ,20181203,22.6,23.59,22.6,22.7,22.56,0.14,0.6206,26295.15,60821.356
559,300659.SZ,20181130,21.58,22.56,21.14,22.56,21.73,0.83,3.8196,24032.09,53264.754
560,300659.SZ,20181129,21.25,22.55,21.25,21.73,21.38,0.35,1.637,16623.44,36436.443
561,300659.SZ,20181128,21.3,21.5,20.74,21.38,21.28,0.1,0.4699,13986.52,29717.864
562,300659.SZ,20181127,20.45,21.34,20.37,21.28,20.15,1.13,5.6079,12436.84,26079.362
563,300659.SZ,20181126,20.22,20.75,20.01,20.15,20.61,-0.46,-2.2319,13271.61,26968.367
564,300659.SZ,20181123,20.79,21.46,20.6,20.61,20.64,-0.03,-0.1453,19745.35,41403.595
565,300659.SZ,20181122,20.95,21.0,20.53,20.64,20.75,-0.11,-0.5301,11245.15,23332.261
566,300659.SZ,20181121,20.87,20.87,20.21,20.75,20.96,-0.21,-1.0019,12810.39,26408.694
567,300659.SZ,20181120,21.51,22.0,20.96,20.96,21.66,-0.7,-3.2318,12185.34,26144.238
568,300659.SZ,20181119,21.5,22.14,21.05,21.66,21.7,-0.04,-0.1843,18844.36,40688.182
569,300659.SZ,20181116,20.4,22.2,19.93,21.7,20.18,1.52,7.5322,33276.14,70867.421
570,300659.SZ,20181115,19.52,20.21,19.52,20.18,19.52,0.66,3.3811,16776.35,33375.31
571,300659.SZ,20181114,19.99,20.0,19.5,19.52,19.81,-0.29,-1.4639,9295.58,18334.943
572,300659.SZ,20181113,19.42,20.23,19.12,19.81,19.55,0.26,1.3299,27471.43,54303.133
573,300659.SZ,20181112,18.82,19.8,18.53,19.55,18.85,0.7,3.7135,25137.12,48450.141
574,300659.SZ,20181109,18.98,19.38,18.58,18.85,19.04,-0.19,-0.9979,15845.74,30012.634
575,300659.SZ,20181108,19.1,19.27,18.77,19.04,19.04,0.0,0.0,18836.88,35787.119
576,300659.SZ,20181107,18.98,19.35,18.86,19.04,18.91,0.13,0.6875,20064.42,38346.839
577,300659.SZ,20181106,18.82,19.39,18.58,18.91,19.14,-0.23,-1.2017,19088.2,36112.704
578,300659.SZ,20181105,19.2,19.81,18.12,19.14,19.23,-0.09,-0.468,38779.13,74065.289
579,300659.SZ,20181102,17.98,19.46,17.96,19.23,17.75,1.48,8.338,57385.45,107418.671
580,300659.SZ,20181101,17.23,18.35,17.1,17.75,16.84,0.91,5.4038,44323.51,78444.784
581,300659.SZ,20181031,16.7,17.35,16.45,16.84,16.58,0.26,1.5682,21358.06,36029.006
582,300659.SZ,20181030,16.35,16.78,15.85,16.58,16.43,0.15,0.913,20109.48,33034.72
583,300659.SZ,20181029,16.72,16.77,16.2,16.43,16.34,0.09,0.5508,17173.21,28519.928
584,300659.SZ,20181026,16.47,16.88,16.2,16.34,16.21,0.13,0.802,16925.36,27879.516
585,300659.SZ,20181025,15.86,16.58,15.86,16.21,17.08,-0.87,-5.0937,27943.2,45138.809
586,300659.SZ,20181024,16.72,17.88,16.72,17.08,16.87,0.21,1.2448,26869.82,46622.59
587,300659.SZ,20181023,17.36,17.85,16.66,16.87,17.5,-0.63,-3.6,26094.31,44881.908
588,300659.SZ,20181022,16.88,17.77,16.35,17.5,16.67,0.83,4.979,31421.97,54740.765
589,300659.SZ,20181019,15.3,16.89,15.25,16.67,16.03,0.64,3.9925,27353.71,44502.899
590,300659.SZ,20181018,16.86,17.0,16.0,16.03,17.07,-1.04,-6.0926,22394.42,36546.265
591,300659.SZ,20181017,17.33,17.51,16.0,17.07,16.88,0.19,1.1256,32111.39,54269.06
592,300659.SZ,20181016,17.05,17.98,16.53,16.88,16.85,0.03,0.178,33957.93,58579.032
593,300659.SZ,20181015,16.53,17.52,16.3,16.85,16.5,0.35,2.1212,46454.09,79288.785
594,300659.SZ,20181012,16.4,17.0,15.55,16.5,17.18,-0.68,-3.9581,35339.7,57629.87
595,300659.SZ,20181011,18.13,18.4,17.18,17.18,19.09,-1.91,-10.0052,28551.04,50117.357
596,300659.SZ,20181010,19.17,19.58,19.01,19.09,19.13,-0.04,-0.2091,18325.98,35334.561
597,300659.SZ,20181009,19.21,19.97,18.72,19.13,19.66,-0.53,-2.6958,27844.02,53454.776
598,300659.SZ,20181008,21.6,21.6,19.66,19.66,21.84,-2.18,-9.9817,26745.8,53853.932
599,300659.SZ,20180928,21.7,22.18,21.53,21.84,21.58,0.26,1.2048,15517.1,33983.107
600,300659.SZ,20180927,22.86,22.86,21.51,21.58,22.7,-1.12,-4.9339,25616.02,56435.939
601,300659.SZ,20180926,22.73,23.39,22.4,22.7,23.0,-0.3,-1.3043,32192.79,73026.605
602,300659.SZ,20180925,22.33,23.69,22.25,23.0,22.49,0.51,2.2677,38181.62,87649.96
603,300659.SZ,20180921,22.73,23.68,22.02,22.49,22.87,-0.38,-1.6616,42067.02,96522.593
604,300659.SZ,20180920,23.65,24.25,22.82,22.87,23.84,-0.97,-4.0688,29416.63,68945.442
605,300659.SZ,20180919,23.7,24.24,23.02,23.84,23.85,-0.01,-0.0419,49570.94,117385.225
606,300659.SZ,20180918,22.2,24.49,22.2,23.85,22.86,0.99,4.3307,65623.94,153614.396
607,300659.SZ,20180917,22.77,23.96,22.01,22.86,22.41,0.45,2.008,48927.05,111699.977
608,300659.SZ,20180914,24.5,24.5,22.39,22.41,23.83,-1.42,-5.9589,65332.56,151376.405
609,300659.SZ,20180913,21.94,23.83,21.73,23.83,21.66,2.17,10.0185,76995.34,174841.314
610,300659.SZ,20180912,21.61,22.07,21.25,21.66,21.63,0.03,0.1387,38588.72,83563.603
611,300659.SZ,20180911,21.7,22.16,21.16,21.63,21.55,0.08,0.3712,50766.74,109965.379
612,300659.SZ,20180910,22.55,22.92,21.14,21.55,22.57,-1.02,-4.5193,56820.66,124205.24
613,300659.SZ,20180907,23.62,23.91,22.03,22.57,23.62,-1.05,-4.4454,80916.2,188253.118
614,300659.SZ,20180906,25.18,25.95,23.23,23.62,25.65,-2.03,-7.9142,126416.43,311288.979
615,300659.SZ,20180905,27.42,27.42,23.99,25.65,24.93,0.72,2.8881,167761.25,438642.215
616,300659.SZ,20180904,24.11,24.93,24.11,24.93,22.66,2.27,10.0177,38881.11,96360.507
617,300659.SZ,20180903,20.28,22.66,20.14,22.66,20.6,2.06,10.0,56517.12,122199.663
618,300659.SZ,20180831,20.12,22.0,20.12,20.6,20.4,0.2,0.9804,54774.21,115548.07
619,300659.SZ,20180830,20.55,20.93,20.3,20.4,21.0,-0.6,-2.8571,27905.8,57410.956
620,300659.SZ,20180829,20.22,21.39,19.81,21.0,20.39,0.61,2.9917,49222.49,102116.893
621,300659.SZ,20180828,20.7,21.51,20.26,20.39,21.35,-0.96,-4.4965,61419.48,127630.259
622,300659.SZ,20180827,21.42,22.35,20.51,21.35,21.41,-0.06,-0.2802,98506.62,210660.013
623,300659.SZ,20180824,21.41,21.41,21.02,21.41,19.46,1.95,10.0206,56113.79,120063.232
624,300659.SZ,20180823,18.8,19.46,18.8,19.46,17.69,1.77,10.0057,12033.8,23183.589
625,300659.SZ,20180822,17.69,18.33,17.58,17.69,17.97,-0.28,-1.5582,12299.31,22062.8
626,300659.SZ,20180821,17.55,18.3,16.77,17.97,17.55,0.42,2.3932,23298.83,41129.41
627,300659.SZ,20180820,18.09,18.35,16.52,17.55,18.06,-0.51,-2.8239,18317.68,31977.129
628,300659.SZ,20180817,19.13,19.54,18.06,18.06,19.06,-1.0,-5.2466,14020.08,26042.871
629,300659.SZ,20180816,19.11,19.47,18.8,19.06,19.4,-0.34,-1.7526,7916.63,15200.546
630,300659.SZ,20180815,19.55,19.86,19.35,19.4,19.79,-0.39,-1.9707,7550.4,14768.992
631,300659.SZ,20180814,20.22,20.52,19.68,19.79,20.13,-0.34,-1.689,10415.37,20846.249
632,300659.SZ,20180813,19.47,20.29,19.25,20.13,19.77,0.36,1.8209,14912.11,29594.826
633,300659.SZ,20180810,19.73,20.2,19.48,19.77,19.73,0.04,0.2027,10697.36,21226.206
634,300659.SZ,20180809,18.78,20.19,18.59,19.73,18.83,0.9,4.7796,16267.59,31906.443
635,300659.SZ,20180808,19.02,19.47,18.81,18.83,19.11,-0.28,-1.4652,7367.05,14109.931
636,300659.SZ,20180807,18.98,19.39,18.7,19.11,18.76,0.35,1.8657,8659.65,16554.16
637,300659.SZ,20180806,19.71,20.41,18.33,18.76,20.37,-1.61,-7.9038,12181.92,23807.962
638,300659.SZ,20180803,20.79,21.27,20.23,20.37,20.9,-0.53,-2.5359,7148.6,14895.711
639,300659.SZ,20180802,21.39,21.39,19.88,20.9,21.5,-0.6,-2.7907,18508.1,38471.832
640,300659.SZ,20180801,21.49,22.2,21.18,21.5,21.48,0.02,0.0931,26711.61,57927.234
641,300659.SZ,20180731,20.8,21.79,20.24,21.48,20.7,0.78,3.7681,23440.82,49751.394
642,300659.SZ,20180730,21.3,21.3,20.46,20.7,21.3,-0.6,-2.8169,8972.32,18627.761
643,300659.SZ,20180727,21.31,21.69,20.81,21.3,21.45,-0.15,-0.6993,16214.2,34477.673
644,300659.SZ,20180726,21.56,21.9,21.3,21.45,21.76,-0.31,-1.4246,10889.11,23367.064
645,300659.SZ,20180725,21.75,22.4,21.63,21.76,21.99,-0.23,-1.0459,16550.51,36432.693
646,300659.SZ,20180724,21.4,21.99,21.13,21.99,21.5,0.49,2.2791,13350.29,28676.51
647,300659.SZ,20180723,21.68,22.25,21.12,21.5,21.48,0.02,0.0931,18679.0,40698.407
648,300659.SZ,20180720,21.64,21.7,20.91,21.48,21.63,-0.15,-0.6935,14918.0,31916.079
649,300659.SZ,20180719,21.63,21.78,20.81,21.63,21.43,0.2,0.93,25198.29,53824.732
650,300659.SZ,20180718,21.11,22.28,21.1,21.43,20.82,0.61,2.93,43012.19,93171.67
651,300659.SZ,20180717,20.51,20.82,20.21,20.82,20.48,0.34,1.66,20517.8,42285.349
652,300659.SZ,20180716,20.4,20.55,19.77,20.48,21.08,-0.6,-2.85,21254.8,43007.831
653,300659.SZ,20180713,21.11,21.65,21.01,21.08,20.99,0.09,0.43,27156.8,57797.265
654,300659.SZ,20180712,20.25,21.36,20.21,20.99,20.35,0.64,3.15,30011.28,62931.143
655,300659.SZ,20180711,20.64,20.84,19.78,20.35,21.31,-0.96,-4.5,20856.2,42241.804
656,300659.SZ,20180710,21.03,21.7,20.45,21.31,20.77,0.54,2.6,27080.45,56854.921
657,300659.SZ,20180709,20.25,20.83,20.25,20.77,20.25,0.52,2.57,21328.11,43963.021
658,300659.SZ,20180706,20.1,20.9,19.71,20.25,20.0,0.25,1.25,21356.44,43304.849
659,300659.SZ,20180705,20.29,21.05,19.71,20.0,20.3,-0.3,-1.48,20872.56,42603.142
660,300659.SZ,20180704,22.39,22.39,20.19,20.3,22.43,-2.13,-9.5,39251.3,82611.834
661,300659.SZ,20180703,21.4,22.54,21.1,22.43,21.36,1.07,5.01,34200.09,74340.934
662,300659.SZ,20180702,22.0,22.14,21.03,21.36,21.6,-0.24,-1.11,19608.39,42277.231
663,300659.SZ,20180629,20.58,21.87,20.58,21.6,20.71,0.89,4.3,25350.19,54232.769
664,300659.SZ,20180628,20.61,21.75,20.58,20.71,20.8,-0.09,-0.43,23790.75,50416.229
665,300659.SZ,20180627,21.24,21.7,20.61,20.8,21.06,-0.26,-1.23,18216.23,38553.582
666,300659.SZ,20180626,19.97,21.44,19.78,21.06,20.61,0.45,2.18,22572.99,46985.545
667,300659.SZ,20180625,21.44,21.44,20.33,20.61,21.2,-0.59,-2.78,18690.84,39204.121
668,300659.SZ,20180622,20.0,21.2,20.0,21.2,20.0,1.2,6.0,21581.65,44652.074
669,300659.SZ,20180621,20.99,20.99,19.85,20.0,20.8,-0.8,-3.85,29913.13,60424.003
670,300659.SZ,20180620,20.23,21.65,19.6,20.8,21.27,-0.47,-2.21,31621.57,65648.885
671,300659.SZ,20180619,22.41,22.41,21.27,21.27,23.63,-2.36,-9.99,22737.91,49322.263
672,300659.SZ,20180615,26.4,26.58,23.63,23.63,26.26,-2.63,-10.02,50352.38,124218.53
673,300659.SZ,20180614,27.2,27.55,25.48,26.26,27.42,-1.16,-4.23,57487.92,152128.497
674,300659.SZ,20180613,26.06,28.93,26.01,27.42,26.3,1.12,4.26,105354.0,294298.444
675,300659.SZ,20180612,25.61,26.35,24.13,26.3,25.99,0.31,1.19,48682.37,123575.675
676,300659.SZ,20180611,25.0,26.95,24.5,25.99,25.35,0.64,2.52,52579.57,138233.888
677,300659.SZ,20180608,25.09,25.59,24.45,25.35,25.73,-0.38,-1.48,32037.71,80258.277
678,300659.SZ,20180607,25.4,26.2,24.51,25.73,25.66,0.07,0.27,43258.2,110266.617
679,300659.SZ,20180606,40.0,41.68,39.68,41.3,40.2,1.1,2.74,18988.07,77982.981
680,300659.SZ,20180605,38.2,40.5,38.2,40.2,38.0,2.2,5.79,17980.89,71297.467
681,300659.SZ,20180604,37.76,38.62,36.78,38.0,37.14,0.86,2.32,9489.26,35859.981
682,300659.SZ,20180601,38.45,39.39,36.55,37.14,38.68,-1.54,-3.98,11750.05,44563.726
683,300659.SZ,20180531,38.41,39.29,37.33,38.68,37.65,1.03,2.74,14407.4,55213.838
684,300659.SZ,20180530,40.7,40.7,37.65,37.65,41.83,-4.18,-9.99,21946.0,86295.221
685,300659.SZ,20180529,41.21,43.59,40.85,41.83,41.35,0.48,1.16,18063.08,76814.0
686,300659.SZ,20180528,42.81,43.55,41.26,41.35,43.22,-1.87,-4.33,14713.0,62710.369
687,300659.SZ,20180525,44.55,44.55,42.0,43.22,44.5,-1.28,-2.88,20203.9,87577.319
688,300659.SZ,20180524,43.8,48.0,43.8,44.5,44.33,0.17,0.38,40316.33,183317.141
689,300659.SZ,20180523,44.2,45.5,43.7,44.33,45.13,-0.8,-1.77,21340.68,95117.255
690,300659.SZ,20180522,43.58,45.55,43.5,45.13,43.89,1.24,2.83,31299.15,140381.841
691,300659.SZ,20180521,42.65,43.96,41.87,43.89,42.65,1.24,2.91,24765.07,106800.066
692,300659.SZ,20180518,43.69,43.93,40.7,42.65,43.85,-1.2,-2.74,28112.84,118860.534
693,300659.SZ,20180517,43.58,44.29,42.6,43.85,43.19,0.66,1.53,22479.69,98136.199
694,300659.SZ,20180516,43.11,44.17,42.7,43.19,43.61,-0.42,-0.96,20381.58,88427.572
695,300659.SZ,20180515,42.36,43.66,42.1,43.61,42.37,1.24,2.93,23199.69,99487.671
696,300659.SZ,20180514,45.06,45.16,42.04,42.37,44.79,-2.42,-5.4,24136.18,105329.018
697,300659.SZ,20180511,46.0,46.56,44.57,44.79,45.9,-1.11,-2.42,26834.63,122254.363
698,300659.SZ,20180510,46.67,47.3,45.9,45.9,47.22,-1.32,-2.8,28589.82,133033.007
699,300659.SZ,20180509,45.5,47.46,44.55,47.22,46.23,0.99,2.14,42307.93,195410.983
700,300659.SZ,20180508,48.5,49.0,45.58,46.23,47.2,-0.97,-2.06,42929.32,201087.171
701,300659.SZ,20180507,45.15,47.94,45.0,47.2,46.92,0.28,0.6,53186.72,246443.521
702,300659.SZ,20180504,47.58,51.06,46.81,46.92,46.95,-0.03,-0.06,76641.49,372557.697
703,300659.SZ,20180503,45.3,48.3,44.52,46.95,46.76,0.19,0.41,62586.93,287884.915
704,300659.SZ,20180502,52.5,52.5,46.76,46.76,51.96,-5.2,-10.01,52806.25,253683.918
705,300659.SZ,20180427,58.87,58.87,51.39,51.96,53.52,-1.56,-2.91,116918.31,655846.238
706,300659.SZ,20180426,53.52,53.52,53.52,53.52,48.65,4.87,10.01,2945.83,15766.082
707,300659.SZ,20180425,48.65,48.65,48.65,48.65,44.23,4.42,9.99,4774.23,23226.628
708,300659.SZ,20180424,44.23,44.23,44.23,44.23,40.21,4.02,10.0,6602.48,29202.769
709,300659.SZ,20171113,39.0,40.51,38.88,40.21,39.88,0.33,0.83,33716.23,133695.049
710,300659.SZ,20171110,39.9,40.83,39.53,39.88,41.71,-1.83,-4.39,44822.57,179769.066
711,300659.SZ,20171109,41.06,43.79,41.04,41.71,40.71,1.0,2.46,73908.16,311563.059
712,300659.SZ,20171108,38.66,41.3,38.0,40.71,39.36,1.35,3.43,54482.86,215755.981
713,300659.SZ,20171107,38.29,40.35,38.2,39.36,37.69,1.67,4.43,42573.1,167531.569
714,300659.SZ,20171106,36.61,38.3,36.61,37.69,37.04,0.65,1.75,25397.47,95228.44
715,300659.SZ,20171103,36.7,39.4,36.49,37.04,36.0,1.04,2.89,31091.54,116913.629
716,300659.SZ,20171102,35.7,36.55,35.43,36.0,35.62,0.38,1.07,17589.28,63542.362
717,300659.SZ,20171101,34.68,35.98,34.5,35.62,34.7,0.92,2.65,16929.91,59994.613
718,300659.SZ,20171031,34.5,35.3,34.16,34.7,34.87,-0.17,-0.49,17198.97,59483.037
719,300659.SZ,20171030,37.1,37.5,34.36,34.87,38.18,-3.31,-8.67,33768.41,121310.075
720,300659.SZ,20171027,36.32,39.55,35.69,38.18,35.95,2.23,6.2,45538.86,172408.004
721,300659.SZ,20171026,35.25,36.4,35.1,35.95,35.46,0.49,1.38,15009.21,53707.043
722,300659.SZ,20171025,34.72,35.74,34.53,35.46,34.7,0.76,2.19,12485.06,43938.909
723,300659.SZ,20171024,35.32,35.32,34.12,34.7,35.31,-0.61,-1.73,9515.07,33025.908
724,300659.SZ,20171023,35.09,35.7,34.83,35.31,34.86,0.45,1.29,8513.31,29911.82
725,300659.SZ,20171020,34.5,35.11,34.1,34.86,34.47,0.39,1.13,8469.28,29466.898
726,300659.SZ,20171019,34.66,34.97,33.88,34.47,34.7,-0.23,-0.66,11000.91,37805.889
727,300659.SZ,20171018,36.86,37.12,34.62,34.7,36.8,-2.1,-5.71,18969.06,67986.698
728,300659.SZ,20171017,36.61,37.13,36.11,36.8,36.65,0.15,0.41,14735.95,54113.92
729,300659.SZ,20171016,39.0,39.0,36.65,36.65,40.72,-4.07,-10.0,44630.11,166146.449
730,300659.SZ,20171013,39.85,41.09,39.2,40.72,40.25,0.47,1.17,27754.07,111672.087
731,300659.SZ,20171012,39.5,40.25,38.02,40.25,39.73,0.52,1.31,28014.88,110588.784
732,300659.SZ,20171011,41.0,41.37,39.6,39.73,41.84,-2.11,-5.04,30484.88,123047.69
733,300659.SZ,20171010,39.4,41.84,39.26,41.84,39.86,1.98,4.97,40941.73,167565.536
734,300659.SZ,20171009,39.92,40.76,39.56,39.86,39.67,0.19,0.48,20389.57,81777.003
735,300659.SZ,20170929,40.05,41.0,39.2,39.67,40.36,-0.69,-1.71,24827.65,99092.259
736,300659.SZ,20170928,38.91,41.49,38.78,40.36,39.09,1.27,3.25,34349.87,138052.088
737,300659.SZ,20170927,37.85,39.49,37.85,39.09,38.21,0.88,2.3,24607.76,95681.076
738,300659.SZ,20170926,41.04,41.42,37.71,38.21,41.85,-3.64,-8.7,42145.98,164459.571
739,300659.SZ,20170925,40.16,42.35,39.35,41.85,40.55,1.3,3.21,53919.48,222000.962
740,300659.SZ,20170922,38.06,41.3,38.06,40.55,38.48,2.07,5.38,49096.69,196882.078
741,300659.SZ,20170921,39.69,40.15,38.39,38.48,39.98,-1.5,-3.75,29682.61,116586.335
742,300659.SZ,20170920,38.35,40.49,38.35,39.98,38.99,0.99,2.54,36671.61,145751.905
743,300659.SZ,20170919,37.88,39.5,37.65,38.99,37.99,1.0,2.63,28483.35,110494.059
744,300659.SZ,20170918,37.41,38.16,36.63,37.99,37.35,0.64,1.71,24176.0,90766.244
745,300659.SZ,20170915,39.28,39.59,37.29,37.35,39.29,-1.94,-4.94,34001.19,130461.784
746,300659.SZ,20170914,39.61,40.79,39.08,39.29,40.02,-0.73,-1.82,34038.24,136149.005
747,300659.SZ,20170913,39.15,40.47,39.11,40.02,39.65,0.37,0.93,34873.52,138882.377
748,300659.SZ,20170912,39.37,40.17,38.31,39.65,39.68,-0.03,-0.08,44993.37,176680.951
749,300659.SZ,20170911,39.1,40.5,38.91,39.68,39.22,0.46,1.17,43511.72,173302.558
750,300659.SZ,20170908,40.04,40.88,38.66,39.22,41.86,-2.64,-6.31,66387.15,264142.399
751,300659.SZ,20170907,44.02,45.53,41.5,41.86,43.4,-1.54,-3.55,85663.2,373622.57
752,300659.SZ,20170906,46.77,46.88,42.09,43.4,46.77,-3.37,-7.21,93694.08,411074.488
753,300659.SZ,20170905,42.9,46.77,42.01,46.77,42.52,4.25,10.0,103586.5,466058.452
754,300659.SZ,20170904,43.88,45.68,41.54,42.52,41.53,0.99,2.38,110681.25,485239.828
755,300659.SZ,20170901,39.45,41.53,39.1,41.53,37.75,3.78,10.01,36192.88,148103.723
756,300659.SZ,20170831,35.37,37.85,35.37,37.75,35.33,2.42,6.85,53336.23,196203.92
757,300659.SZ,20170830,36.29,36.62,34.95,35.33,36.33,-1.0,-2.75,38521.53,137508.653
758,300659.SZ,20170829,37.09,37.99,36.11,36.33,37.87,-1.54,-4.07,59941.36,221760.787
759,300659.SZ,20170828,37.62,38.9,36.7,37.87,37.92,-0.05,-0.13,72734.75,274186.56
760,300659.SZ,20170825,35.71,38.72,35.3,37.92,36.36,1.56,4.29,78352.33,287874.68
761,300659.SZ,20170824,34.0,37.31,33.98,36.36,33.92,2.44,7.19,82735.05,303444.128
762,300659.SZ,20170823,32.12,34.47,31.77,33.92,32.47,1.45,4.47,42854.74,142285.219
763,300659.SZ,20170822,32.5,33.8,32.42,32.47,32.47,0.0,0.0,27571.82,91172.193
764,300659.SZ,20170821,31.55,32.59,31.43,32.47,31.3,1.17,3.74,20216.17,65012.377
765,300659.SZ,20170818,31.65,32.4,31.12,31.3,31.85,-0.55,-1.73,18096.45,57279.741
766,300659.SZ,20170817,31.8,32.79,31.51,31.85,31.94,-0.09,-0.28,21719.5,69654.366
767,300659.SZ,20170816,31.0,32.48,30.84,31.94,31.26,0.68,2.18,27386.59,87342.051
768,300659.SZ,20170815,30.4,31.3,30.31,31.26,30.5,0.76,2.49,18028.56,55720.071
769,300659.SZ,20170814,29.74,30.7,29.45,30.5,29.44,1.06,3.6,13462.09,40815.641
770,300659.SZ,20170811,29.36,29.99,29.31,29.44,29.6,-0.16,-0.54,8368.1,24778.719
771,300659.SZ,20170810,29.88,30.08,29.4,29.6,29.76,-0.16,-0.54,8972.14,26699.139
772,300659.SZ,20170809,30.01,30.26,29.65,29.76,30.17,-0.41,-1.36,8005.95,24000.644
773,300659.SZ,20170808,30.2,30.25,29.04,30.17,30.06,0.11,0.37,11887.05,35436.976
774,300659.SZ,20170807,29.97,30.4,29.92,30.06,29.72,0.34,1.14,8469.42,25539.346
775,300659.SZ,20170804,31.0,31.08,29.55,29.72,30.77,-1.05,-3.41,13652.08,41257.785
776,300659.SZ,20170803,30.89,31.49,30.36,30.77,30.62,0.15,0.49,14313.8,44274.006
777,300659.SZ,20170802,31.28,31.3,30.56,30.62,31.4,-0.78,-2.48,13548.68,41848.15
778,300659.SZ,20170801,31.31,31.59,30.62,31.4,31.42,-0.02,-0.06,17091.45,53082.995
779,300659.SZ,20170731,31.44,32.0,31.11,31.42,31.3,0.12,0.38,12889.83,40706.159
780,300659.SZ,20170728,31.85,32.06,31.1,31.3,32.05,-0.75,-2.34,18095.03,57135.557
781,300659.SZ,20170727,30.17,32.19,29.82,32.05,30.12,1.93,6.41,27995.83,87621.316
782,300659.SZ,20170726,30.26,30.94,29.7,30.12,30.25,-0.13,-0.43,14303.23,43383.047
783,300659.SZ,20170725,29.84,30.79,29.8,30.25,30.12,0.13,0.43,15781.7,48008.293
784,300659.SZ,20170724,28.99,30.54,28.83,30.12,29.11,1.01,3.47,16840.53,49997.611
785,300659.SZ,20170721,29.6,30.2,29.11,29.11,29.81,-0.7,-2.35,15192.12,45035.439
786,300659.SZ,20170720,30.18,31.26,29.81,29.81,30.35,-0.54,-1.78,19940.0,60894.608
787,300659.SZ,20170719,30.55,30.7,29.72,30.35,30.55,-0.2,-0.65,17348.83,52337.863
788,300659.SZ,20170718,29.8,31.28,29.41,30.55,30.83,-0.28,-0.91,22879.92,69341.646
789,300659.SZ,20170717,33.65,33.65,30.83,30.83,34.25,-3.42,-9.99,28297.35,89447.521
790,300659.SZ,20170714,34.48,35.22,33.91,34.25,34.71,-0.46,-1.33,21116.09,73003.906
791,300659.SZ,20170713,35.9,35.9,34.35,34.71,36.22,-1.51,-4.17,26378.14,92221.23
792,300659.SZ,20170712,35.1,36.29,34.57,36.22,35.18,1.04,2.96,31471.63,111373.071
793,300659.SZ,20170711,36.15,36.45,35.15,35.18,36.12,-0.94,-2.6,28803.09,102946.664
794,300659.SZ,20170710,39.14,39.4,35.97,36.12,39.97,-3.85,-9.63,55246.31,206763.593
795,300659.SZ,20170707,40.5,41.58,39.13,39.97,40.3,-0.33,-0.82,49799.87,200631.642
796,300659.SZ,20170706,38.62,40.47,38.16,40.3,39.12,1.18,3.02,57161.67,223010.1
797,300659.SZ,20170705,36.6,40.0,36.6,39.12,36.39,2.73,7.5,70802.66,272189.098
798,300659.SZ,20170704,35.9,36.48,35.7,36.39,36.1,0.29,0.8,26327.31,94944.988
799,300659.SZ,20170703,34.79,36.46,34.6,36.1,35.02,1.08,3.08,29560.29,105693.605
800,300659.SZ,20170630,34.15,35.78,33.67,35.02,34.52,0.5,1.45,32887.09,114439.039
801,300659.SZ,20170629,35.1,35.16,34.37,34.52,34.88,-0.36,-1.03,22970.73,79607.013
802,300659.SZ,20170628,34.95,35.49,34.5,34.88,34.72,0.16,0.46,24472.9,85683.623
803,300659.SZ,20170627,35.0,35.84,34.68,34.72,35.0,-0.28,-0.8,24303.23,85620.195
804,300659.SZ,20170626,34.64,35.2,34.11,35.0,34.8,0.2,0.57,21196.12,73716.072
805,300659.SZ,20170623,36.06,36.59,33.78,34.8,36.4,-1.6,-4.4,48191.84,169536.675
806,300659.SZ,20170622,37.85,38.63,36.38,36.4,38.13,-1.73,-4.54,48945.87,182861.047
807,300659.SZ,20170621,38.26,38.67,37.2,38.13,39.38,-1.25,-3.17,55878.32,211600.945
808,300659.SZ,20170620,37.91,41.72,37.71,39.38,37.93,1.45,3.82,83403.09,333297.984
809,300659.SZ,20170619,38.15,38.45,37.04,37.93,38.52,-0.59,-1.53,43309.44,163289.452
810,300659.SZ,20170616,37.29,38.65,36.37,38.52,37.28,1.24,3.33,63936.22,241391.176
811,300659.SZ,20170615,36.69,38.77,36.69,37.28,36.65,0.63,1.72,59613.33,224763.259
812,300659.SZ,20170614,39.36,39.5,36.65,36.65,40.72,-4.07,-10.0,73814.67,277806.445
813,300659.SZ,20170613,38.31,41.99,37.5,40.72,40.35,0.37,0.92,94602.51,370093.647
814,300659.SZ,20170612,40.0,42.3,39.01,40.35,39.67,0.68,1.71,119090.53,488660.609
815,300659.SZ,20170609,39.67,39.67,39.67,39.67,36.06,3.61,10.01,1308.74,5191.771
816,300659.SZ,20170608,36.06,36.06,36.06,36.06,32.78,3.28,10.01,338.83,1221.82
817,300659.SZ,20170607,32.78,32.78,32.78,32.78,29.8,2.98,10.0,366.07,1199.977
818,300659.SZ,20170606,29.8,29.8,29.8,29.8,27.09,2.71,10.0,107.0,318.86
819,300659.SZ,20170605,27.09,27.09,27.09,27.09,24.63,2.46,9.99,122.96,333.098
820,300659.SZ,20170602,24.63,24.63,24.63,24.63,22.39,2.24,10.0,45.83,112.879
821,300659.SZ,20170601,22.39,22.39,22.39,22.39,20.35,2.04,10.02,40.52,90.724
822,300659.SZ,20170531,20.35,20.35,20.35,20.35,18.5,1.85,10.0,37.59,76.495
823,300659.SZ,20170526,15.42,18.5,15.42,18.5,12.85,5.65,43.97,39.07,68.121
