,ts_code,trade_date,open,high,low,close,pre_close,change,pct_chg,vol,amount
0,601229.SH,20210324,8.73,8.74,8.6,8.64,8.72,-0.08,-0.9174,272291.14,235497.867
1,601229.SH,20210323,8.59,8.74,8.54,8.72,8.58,0.14,1.6317,426795.19,370717.529
2,601229.SH,20210322,8.48,8.62,8.45,8.58,8.52,0.06,0.7042,269840.97,231210.295
3,601229.SH,20210319,8.65,8.67,8.46,8.52,8.63,-0.11,-1.2746,356050.48,303911.226
4,601229.SH,20210318,8.65,8.7,8.58,8.63,8.65,-0.02,-0.2312,257515.28,222476.237
5,601229.SH,20210317,8.76,8.78,8.61,8.65,8.79,-0.14,-1.5927,372424.5,323118.476
6,601229.SH,20210316,8.72,8.81,8.69,8.79,8.72,0.07,0.8028,405898.34,355327.704
7,601229.SH,20210315,8.6,8.8,8.58,8.72,8.6,0.12,1.3953,777235.26,678506.21
8,601229.SH,20210312,8.51,8.68,8.48,8.6,8.53,0.07,0.8206,474976.75,407797.249
9,601229.SH,20210311,8.39,8.57,8.38,8.53,8.34,0.19,2.2782,460181.82,391411.696
10,601229.SH,20210310,8.38,8.4,8.28,8.34,8.37,-0.03,-0.3584,291624.02,243378.375
11,601229.SH,20210309,8.42,8.56,8.34,8.37,8.46,-0.09,-1.0638,459674.47,388679.319
12,601229.SH,20210308,8.43,8.57,8.4,8.46,8.41,0.05,0.5945,442150.73,376146.786
13,601229.SH,20210305,8.38,8.46,8.27,8.41,8.41,0.0,0.0,377399.53,315569.301
14,601229.SH,20210304,8.44,8.51,8.35,8.41,8.47,-0.06,-0.7084,428082.97,361053.355
15,601229.SH,20210303,8.26,8.48,8.24,8.47,8.25,0.22,2.6667,481995.63,405384.954
16,601229.SH,20210302,8.35,8.37,8.22,8.25,8.33,-0.08,-0.9604,302522.73,250960.225
17,601229.SH,20210301,8.39,8.42,8.26,8.33,8.38,-0.05,-0.5967,376489.33,313830.283
18,601229.SH,20210226,8.57,8.66,8.33,8.38,8.64,-0.26,-3.0093,542981.72,459712.339
19,601229.SH,20210225,8.52,8.71,8.46,8.64,8.46,0.18,2.1277,471570.92,405003.654
20,601229.SH,20210224,8.53,8.64,8.46,8.46,8.54,-0.08,-0.9368,369968.38,315784.87
21,601229.SH,20210223,8.55,8.72,8.53,8.54,8.57,-0.03,-0.3501,449871.49,387750.493
22,601229.SH,20210222,8.65,8.65,8.52,8.57,8.67,-0.1,-1.1534,479297.72,411121.059
23,601229.SH,20210219,8.58,8.79,8.56,8.67,8.59,0.08,0.9313,536406.63,466108.044
24,601229.SH,20210218,8.53,8.74,8.52,8.59,8.51,0.08,0.9401,615449.02,530659.396
25,601229.SH,20210210,8.57,8.75,8.44,8.51,8.64,-0.13,-1.5046,581917.92,497694.893
26,601229.SH,20210209,8.64,8.68,8.52,8.64,8.71,-0.07,-0.8037,512178.07,440483.824
27,601229.SH,20210208,8.63,8.78,8.49,8.71,8.65,0.06,0.6936,676416.87,584987.558
28,601229.SH,20210205,8.33,8.7,8.31,8.65,8.35,0.3,3.5928,1150075.7,988348.151
29,601229.SH,20210204,8.24,8.45,8.22,8.35,8.28,0.07,0.8454,561185.0,468349.921
30,601229.SH,20210203,8.28,8.38,8.2,8.28,8.27,0.01,0.1209,449290.21,373324.055
31,601229.SH,20210202,8.28,8.37,8.21,8.27,8.33,-0.06,-0.7203,358323.35,296609.431
32,601229.SH,20210201,8.06,8.34,8.03,8.33,8.1,0.23,2.8395,600700.37,494192.74
33,601229.SH,20210129,8.15,8.23,8.06,8.1,8.1,0.0,0.0,373731.12,304200.173
34,601229.SH,20210128,8.04,8.12,7.95,8.1,8.07,0.03,0.3717,322514.72,259200.192
35,601229.SH,20210127,8.06,8.24,8.04,8.07,8.05,0.02,0.2484,386535.6,314409.815
36,601229.SH,20210126,8.05,8.15,8.0,8.05,8.04,0.01,0.1244,288668.27,232988.921
37,601229.SH,20210125,8.07,8.1,7.97,8.04,8.1,-0.06,-0.7407,325194.99,260791.765
38,601229.SH,20210122,8.27,8.27,8.08,8.1,8.27,-0.17,-2.0556,412087.47,335100.752
39,601229.SH,20210121,8.27,8.34,8.19,8.27,8.28,-0.01,-0.1208,371474.98,306731.025
40,601229.SH,20210120,8.37,8.41,8.25,8.28,8.37,-0.09,-1.0753,321263.56,266892.759
41,601229.SH,20210119,8.26,8.39,8.18,8.37,8.28,0.09,1.087,522536.59,434700.924
42,601229.SH,20210118,8.23,8.38,8.11,8.28,8.26,0.02,0.2421,631994.45,519311.139
43,601229.SH,20210115,8.29,8.42,8.23,8.26,8.15,0.11,1.3497,901287.31,750747.381
44,601229.SH,20210114,8.1,8.24,8.07,8.15,8.1,0.05,0.6173,407699.22,332935.529
45,601229.SH,20210113,8.1,8.13,8.0,8.1,8.15,-0.05,-0.6135,406029.36,327320.417
46,601229.SH,20210112,8.04,8.19,7.91,8.15,8.1,0.05,0.6173,588613.06,473651.125
47,601229.SH,20210111,8.0,8.35,7.97,8.1,7.82,0.28,3.5806,1093368.38,890073.3
48,601229.SH,20210108,7.78,7.82,7.74,7.82,7.8,0.02,0.2564,225727.78,175605.592
49,601229.SH,20210107,7.84,7.87,7.71,7.8,7.82,-0.02,-0.2558,268304.91,208488.308
50,601229.SH,20210106,7.8,7.86,7.77,7.82,7.82,0.0,0.0,214920.61,168039.388
51,601229.SH,20210105,7.79,7.83,7.72,7.82,7.78,0.04,0.5141,249747.95,194024.383
52,601229.SH,20210104,7.82,7.82,7.75,7.78,7.84,-0.06,-0.7653,232909.76,181365.861
53,601229.SH,20201231,7.78,7.88,7.76,7.84,7.78,0.06,0.7712,243041.43,190434.348
54,601229.SH,20201230,7.73,7.78,7.72,7.78,7.74,0.04,0.5168,166300.47,128744.476
55,601229.SH,20201229,7.75,7.77,7.72,7.74,7.72,0.02,0.2591,137777.44,106720.396
56,601229.SH,20201228,7.76,7.78,7.71,7.72,7.76,-0.04,-0.5155,125901.93,97407.852
57,601229.SH,20201225,7.74,7.78,7.71,7.76,7.74,0.02,0.2584,118075.57,91519.951
58,601229.SH,20201224,7.74,7.8,7.71,7.74,7.73,0.01,0.1294,132466.15,102520.867
59,601229.SH,20201223,7.76,7.77,7.71,7.73,7.75,-0.02,-0.2581,138338.63,107083.89
60,601229.SH,20201222,7.83,7.85,7.75,7.75,7.84,-0.09,-1.148,228835.45,178335.442
61,601229.SH,20201221,7.83,7.86,7.79,7.84,7.81,0.03,0.3841,171586.08,134302.964
62,601229.SH,20201218,7.9,7.92,7.81,7.81,7.91,-0.1,-1.2642,182409.86,143404.441
63,601229.SH,20201217,7.87,7.93,7.81,7.91,7.87,0.04,0.5083,209030.02,164419.398
64,601229.SH,20201216,7.89,7.94,7.87,7.87,7.89,-0.02,-0.2535,119045.31,94017.409
65,601229.SH,20201215,7.9,7.91,7.85,7.89,7.9,-0.01,-0.1266,162479.43,127978.864
66,601229.SH,20201214,7.95,7.96,7.88,7.9,7.9,0.0,0.0,163867.75,129606.191
67,601229.SH,20201211,7.95,8.03,7.87,7.9,7.98,-0.08,-1.0025,241254.19,191213.002
68,601229.SH,20201210,8.01,8.07,7.94,7.98,8.03,-0.05,-0.6227,204800.22,163949.615
69,601229.SH,20201209,8.11,8.14,8.0,8.03,8.07,-0.04,-0.4957,205530.29,166288.102
70,601229.SH,20201208,8.04,8.16,8.03,8.07,8.04,0.03,0.3731,157435.26,127270.342
71,601229.SH,20201207,8.14,8.14,8.03,8.04,8.14,-0.1,-1.2285,259544.81,209604.061
72,601229.SH,20201204,8.21,8.22,8.08,8.14,8.23,-0.09,-1.0936,263229.63,213910.509
73,601229.SH,20201203,8.17,8.27,8.14,8.23,8.17,0.06,0.7344,316806.5,260198.984
74,601229.SH,20201202,8.21,8.27,8.16,8.17,8.23,-0.06,-0.729,349753.7,286742.453
75,601229.SH,20201201,8.04,8.27,8.01,8.23,8.07,0.16,1.9827,610054.51,497987.77
76,601229.SH,20201130,8.12,8.3,8.04,8.07,8.09,-0.02,-0.2472,744010.58,609502.18
77,601229.SH,20201127,7.97,8.09,7.95,8.09,7.96,0.13,1.6332,438849.19,352572.885
78,601229.SH,20201126,7.92,7.99,7.91,7.96,7.93,0.03,0.3783,151876.51,120907.729
79,601229.SH,20201125,7.98,8.04,7.93,7.93,7.94,-0.01,-0.1259,228904.87,182866.833
80,601229.SH,20201124,7.98,8.0,7.94,7.94,7.98,-0.04,-0.5013,202606.39,161454.555
81,601229.SH,20201123,7.9,8.02,7.89,7.98,7.91,0.07,0.885,293091.54,233377.381
82,601229.SH,20201120,7.92,7.94,7.88,7.91,7.94,-0.03,-0.3778,164935.78,130308.128
83,601229.SH,20201119,7.91,7.96,7.87,7.94,7.92,0.02,0.2525,180532.78,142929.024
84,601229.SH,20201118,7.87,7.97,7.83,7.92,7.85,0.07,0.8917,318502.12,252264.668
85,601229.SH,20201117,7.8,7.89,7.8,7.85,7.83,0.02,0.2554,242554.65,190492.35
86,601229.SH,20201116,7.78,7.85,7.78,7.83,7.8,0.03,0.3846,205950.61,161071.728
87,601229.SH,20201113,7.85,7.87,7.8,7.8,7.87,-0.07,-0.8895,210183.31,164360.092
88,601229.SH,20201112,7.89,7.93,7.87,7.87,7.94,-0.07,-0.8816,177462.66,139918.677
89,601229.SH,20201111,7.86,7.98,7.86,7.94,7.93,0.01,0.1261,215858.19,170901.769
90,601229.SH,20201110,7.99,8.02,7.92,7.93,7.95,-0.02,-0.2516,223138.28,177889.602
91,601229.SH,20201109,7.88,7.96,7.86,7.95,7.87,0.08,1.0165,294908.77,233662.817
92,601229.SH,20201106,7.87,7.88,7.84,7.87,7.88,-0.01,-0.1269,227996.13,179216.682
93,601229.SH,20201105,7.87,7.91,7.85,7.88,7.85,0.03,0.3822,225504.02,177297.057
94,601229.SH,20201104,7.91,7.93,7.82,7.85,7.87,-0.02,-0.2541,175021.92,137636.349
95,601229.SH,20201103,7.85,7.91,7.83,7.87,7.84,0.03,0.3827,217044.06,170881.776
96,601229.SH,20201102,7.83,7.86,7.8,7.84,7.85,-0.01,-0.1274,342591.04,268055.921
97,601229.SH,20201030,7.81,7.89,7.79,7.85,7.84,0.01,0.1276,306096.33,239892.621
98,601229.SH,20201029,7.82,7.87,7.79,7.84,7.88,-0.04,-0.5076,329683.05,257718.288
99,601229.SH,20201028,8.05,8.06,7.85,7.88,8.04,-0.16,-1.99,518683.46,409949.254
100,601229.SH,20201027,8.13,8.15,8.02,8.04,8.13,-0.09,-1.107,428578.91,345852.547
101,601229.SH,20201026,8.38,8.38,8.13,8.13,8.5,-0.37,-4.3529,656670.69,538489.468
102,601229.SH,20201023,8.45,8.62,8.42,8.5,8.49,0.01,0.1178,457703.27,390771.487
103,601229.SH,20201022,8.49,8.55,8.4,8.49,8.51,-0.02,-0.235,321300.03,271541.345
104,601229.SH,20201021,8.26,8.52,8.25,8.51,8.26,0.25,3.0266,531419.04,446071.501
105,601229.SH,20201020,8.31,8.32,8.23,8.26,8.31,-0.05,-0.6017,230203.8,190271.248
106,601229.SH,20201019,8.39,8.55,8.3,8.31,8.39,-0.08,-0.9535,414996.68,349903.257
107,601229.SH,20201016,8.32,8.45,8.29,8.39,8.34,0.05,0.5995,409104.88,343384.611
108,601229.SH,20201015,8.28,8.41,8.26,8.34,8.29,0.05,0.6031,254992.64,212931.421
109,601229.SH,20201014,8.32,8.34,8.26,8.29,8.33,-0.04,-0.4802,136306.96,113006.858
110,601229.SH,20201013,8.29,8.36,8.26,8.33,8.3,0.03,0.3614,190612.41,158383.245
111,601229.SH,20201012,8.17,8.33,8.17,8.3,8.15,0.15,1.8405,250276.01,207019.857
112,601229.SH,20201009,8.2,8.23,8.15,8.15,8.14,0.01,0.1229,147903.74,121125.711
113,601229.SH,20200930,8.21,8.26,8.11,8.14,8.21,-0.07,-0.8526,175192.75,143248.134
114,601229.SH,20200929,8.23,8.27,8.19,8.21,8.21,0.0,0.0,118366.47,97427.74
115,601229.SH,20200928,8.18,8.24,8.17,8.21,8.19,0.02,0.2442,106031.83,87058.968
116,601229.SH,20200925,8.25,8.25,8.17,8.19,8.21,-0.02,-0.2436,122010.83,99990.319
117,601229.SH,20200924,8.23,8.26,8.15,8.21,8.25,-0.04,-0.4848,192001.46,157413.98
118,601229.SH,20200923,8.27,8.32,8.25,8.25,8.27,-0.02,-0.2418,201515.95,166627.664
119,601229.SH,20200922,8.35,8.4,8.25,8.27,8.37,-0.1,-1.1947,303801.76,252618.906
120,601229.SH,20200921,8.44,8.49,8.36,8.37,8.45,-0.08,-0.9467,220920.57,185841.993
121,601229.SH,20200918,8.33,8.46,8.28,8.45,8.32,0.13,1.5625,304752.89,255834.456
122,601229.SH,20200917,8.4,8.4,8.31,8.32,8.41,-0.09,-1.0702,166344.28,138837.885
123,601229.SH,20200916,8.38,8.44,8.35,8.41,8.38,0.03,0.358,198657.69,166988.573
124,601229.SH,20200915,8.35,8.4,8.29,8.38,8.35,0.03,0.3593,214057.81,179019.012
125,601229.SH,20200914,8.29,8.35,8.24,8.35,8.28,0.07,0.8454,215211.76,178458.543
126,601229.SH,20200911,8.45,8.46,8.26,8.28,8.43,-0.15,-1.7794,293991.75,244277.821
127,601229.SH,20200910,8.52,8.54,8.4,8.43,8.5,-0.07,-0.8235,204732.13,173266.975
128,601229.SH,20200909,8.46,8.56,8.43,8.5,8.5,0.0,0.0,264980.21,225248.396
129,601229.SH,20200908,8.42,8.54,8.41,8.5,8.41,0.09,1.0702,288388.58,245167.6
130,601229.SH,20200907,8.4,8.54,8.4,8.41,8.44,-0.03,-0.3555,223724.79,189460.842
131,601229.SH,20200904,8.39,8.47,8.38,8.44,8.46,-0.02,-0.2364,180612.88,152110.955
132,601229.SH,20200903,8.42,8.48,8.36,8.46,8.38,0.08,0.9547,286459.9,241851.037
133,601229.SH,20200902,8.39,8.42,8.27,8.38,8.38,0.0,0.0,259308.33,216789.08
134,601229.SH,20200901,8.41,8.45,8.35,8.38,8.42,-0.04,-0.4751,259274.76,217864.93
135,601229.SH,20200831,8.4,8.51,8.38,8.42,8.36,0.06,0.7177,433369.85,366345.379
136,601229.SH,20200828,8.23,8.37,8.22,8.36,8.22,0.14,1.7032,316534.26,262900.284
137,601229.SH,20200827,8.26,8.27,8.2,8.22,8.25,-0.03,-0.3636,164540.83,135359.4
138,601229.SH,20200826,8.35,8.38,8.24,8.25,8.36,-0.11,-1.3158,195896.38,162461.284
139,601229.SH,20200825,8.42,8.44,8.33,8.36,8.38,-0.02,-0.2387,135170.6,113430.209
140,601229.SH,20200824,8.42,8.46,8.38,8.38,8.39,-0.01,-0.1192,165163.86,138920.039
141,601229.SH,20200821,8.43,8.44,8.36,8.39,8.39,0.0,0.0,137188.0,115225.339
142,601229.SH,20200820,8.47,8.47,8.39,8.39,8.47,-0.08,-0.9445,166017.69,139839.335
143,601229.SH,20200819,8.56,8.63,8.46,8.47,8.58,-0.11,-1.2821,231606.88,197539.431
144,601229.SH,20200818,8.67,8.67,8.55,8.58,8.72,-0.14,-1.6055,310428.22,266812.906
145,601229.SH,20200817,8.53,8.82,8.52,8.72,8.53,0.19,2.2274,712349.44,619552.833
146,601229.SH,20200814,8.39,8.54,8.36,8.53,8.39,0.14,1.6687,310672.53,262485.003
147,601229.SH,20200813,8.45,8.45,8.37,8.39,8.43,-0.04,-0.4745,139097.89,116872.543
148,601229.SH,20200812,8.4,8.47,8.33,8.43,8.4,0.03,0.3571,201321.64,169132.178
149,601229.SH,20200811,8.35,8.58,8.33,8.4,8.35,0.05,0.5988,449700.13,381003.305
150,601229.SH,20200810,8.28,8.4,8.26,8.35,8.29,0.06,0.7238,204583.5,170735.943
151,601229.SH,20200807,8.33,8.39,8.26,8.29,8.34,-0.05,-0.5995,165756.8,137612.977
152,601229.SH,20200806,8.34,8.38,8.27,8.34,8.33,0.01,0.12,166220.15,138197.048
153,601229.SH,20200805,8.41,8.42,8.31,8.33,8.45,-0.12,-1.4201,203376.25,169628.988
154,601229.SH,20200804,8.34,8.51,8.28,8.45,8.32,0.13,1.5625,381502.75,321266.785
155,601229.SH,20200803,8.32,8.37,8.28,8.32,8.28,0.04,0.4831,176361.73,146628.808
156,601229.SH,20200731,8.29,8.38,8.23,8.28,8.29,-0.01,-0.1206,270819.37,225108.121
157,601229.SH,20200730,8.26,8.3,8.21,8.29,8.26,0.03,0.3632,230577.89,190539.668
158,601229.SH,20200729,8.1,8.27,8.09,8.26,8.11,0.15,1.8496,197752.36,162256.731
159,601229.SH,20200728,8.16,8.2,8.09,8.11,8.1,0.01,0.1235,130035.77,105637.589
160,601229.SH,20200727,8.15,8.18,8.08,8.1,8.13,-0.03,-0.369,143306.38,116296.903
161,601229.SH,20200724,8.29,8.35,8.11,8.13,8.32,-0.19,-2.2837,335993.55,275893.679
162,601229.SH,20200723,8.35,8.39,8.21,8.32,8.39,-0.07,-0.8343,267166.87,221570.395
163,601229.SH,20200722,8.38,8.52,8.34,8.39,8.38,0.01,0.1193,254980.67,215151.02
164,601229.SH,20200721,8.45,8.49,8.36,8.38,8.45,-0.07,-0.8284,210881.15,177285.139
165,601229.SH,20200720,8.31,8.48,8.28,8.45,8.27,0.18,2.1765,344759.92,289866.37
166,601229.SH,20200717,8.4,8.44,8.24,8.27,8.37,-0.1,-1.1947,381998.15,317931.205
167,601229.SH,20200716,8.48,8.59,8.35,8.37,8.51,-0.14,-1.6451,475336.22,404584.218
168,601229.SH,20200715,8.56,8.63,8.41,8.51,8.55,-0.04,-0.4678,460098.75,392028.507
169,601229.SH,20200714,8.7,8.72,8.51,8.55,8.7,-0.15,-1.7241,476554.3,409844.649
170,601229.SH,20200713,8.68,8.79,8.53,8.7,8.71,-0.01,-0.1148,579501.64,501386.283
171,601229.SH,20200710,8.87,9.1,8.66,8.71,8.94,-0.23,-2.5727,534106.33,471081.135
172,601229.SH,20200709,9.0,9.03,8.81,8.94,9.08,-0.14,-1.5419,623598.78,557002.005
173,601229.SH,20200708,9.0,9.13,8.88,9.08,9.06,0.02,0.2208,731375.09,656794.241
174,601229.SH,20200707,9.7,9.95,9.37,9.46,9.64,-0.18,-1.8672,939415.27,897891.815
175,601229.SH,20200706,8.96,9.79,8.96,9.64,8.9,0.74,8.3146,1242489.56,1164366.479
176,601229.SH,20200703,8.58,8.9,8.58,8.9,8.57,0.33,3.8506,496795.28,434000.007
177,601229.SH,20200702,8.34,8.57,8.32,8.57,8.37,0.2,2.3895,352680.2,298811.621
178,601229.SH,20200701,8.34,8.38,8.28,8.37,8.3,0.07,0.8434,174324.56,145317.438
179,601229.SH,20200630,8.25,8.37,8.23,8.3,8.21,0.09,1.0962,202761.59,168599.525
180,601229.SH,20200629,8.3,8.35,8.21,8.21,8.24,-0.03,-0.3641,137927.86,113833.775
181,601229.SH,20200624,8.21,8.31,8.21,8.24,8.19,0.05,0.6105,112410.91,92863.913
182,601229.SH,20200623,8.28,8.29,8.19,8.19,8.27,-0.08,-0.9674,131888.05,108488.22
183,601229.SH,20200622,8.35,8.36,8.27,8.27,8.32,-0.05,-0.601,151026.74,125528.719
184,601229.SH,20200619,8.31,8.36,8.27,8.32,8.3,0.02,0.241,176658.99,146963.649
185,601229.SH,20200618,8.3,8.35,8.26,8.3,8.33,-0.03,-0.3601,127799.02,106073.7
186,601229.SH,20200617,8.39,8.4,8.31,8.33,8.36,-0.03,-0.3589,113121.9,94460.262
187,601229.SH,20200616,8.47,8.51,8.35,8.36,8.43,-0.07,-0.8304,149219.71,125382.816
188,601229.SH,20200615,8.35,8.53,8.32,8.43,8.28,0.15,1.8116,353944.24,298960.079
189,601229.SH,20200612,8.2,8.47,8.17,8.28,8.24,0.04,0.4854,526693.72,440328.063
190,601229.SH,20200611,8.18,8.29,8.16,8.24,8.18,0.06,0.7335,250565.73,206464.88
191,601229.SH,20200610,8.17,8.2,8.14,8.18,8.16,0.02,0.2451,123246.76,100613.05
192,601229.SH,20200609,8.13,8.21,8.11,8.16,8.11,0.05,0.6165,118027.29,96299.36
193,601229.SH,20200608,8.13,8.15,8.09,8.11,8.11,0.0,0.0,105159.7,85427.164
194,601229.SH,20200605,8.11,8.14,8.08,8.11,8.11,0.0,0.0,91115.92,73893.5
195,601229.SH,20200604,8.16,8.16,8.1,8.11,8.14,-0.03,-0.3686,84357.58,68495.962
196,601229.SH,20200603,8.16,8.2,8.12,8.14,8.16,-0.02,-0.2451,147060.06,120027.987
197,601229.SH,20200602,8.12,8.17,8.08,8.16,8.12,0.04,0.4926,153547.75,124929.082
198,601229.SH,20200601,8.1,8.13,8.08,8.12,8.1,0.02,0.2469,147479.12,119605.869
199,601229.SH,20200529,8.11,8.11,8.04,8.1,8.11,-0.01,-0.1233,133766.38,108006.794
200,601229.SH,20200528,8.08,8.12,8.06,8.11,8.05,0.06,0.7453,171258.48,138584.273
201,601229.SH,20200527,7.99,8.08,7.99,8.05,7.99,0.06,0.7509,139346.74,112090.306
202,601229.SH,20200526,7.98,8.02,7.97,7.99,7.98,0.01,0.1253,102634.59,82094.164
203,601229.SH,20200525,8.0,8.01,7.96,7.98,8.0,-0.02,-0.25,133473.87,106522.671
204,601229.SH,20200522,8.01,8.03,7.99,8.0,8.02,-0.02,-0.2494,148057.21,118519.016
205,601229.SH,20200521,8.03,8.04,8.01,8.02,8.01,0.01,0.1248,113528.07,91072.184
206,601229.SH,20200520,8.03,8.04,7.98,8.01,8.03,-0.02,-0.2491,186197.99,149055.468
207,601229.SH,20200519,8.06,8.07,8.01,8.03,8.03,0.0,0.0,176231.97,141688.317
208,601229.SH,20200518,8.03,8.05,8.01,8.03,8.04,-0.01,-0.1244,115694.57,92956.873
209,601229.SH,20200515,8.04,8.06,8.01,8.04,8.03,0.01,0.1245,106565.78,85623.798
210,601229.SH,20200514,8.02,8.04,8.0,8.03,8.03,0.0,0.0,197367.59,158189.293
211,601229.SH,20200513,8.07,8.08,8.01,8.03,8.06,-0.03,-0.3722,195475.99,157085.766
212,601229.SH,20200512,8.11,8.14,8.06,8.06,8.11,-0.05,-0.6165,200310.7,161947.867
213,601229.SH,20200511,8.14,8.17,8.11,8.11,8.13,-0.02,-0.246,186724.69,152059.025
214,601229.SH,20200508,8.1,8.15,8.08,8.13,8.07,0.06,0.7435,168762.37,136908.552
215,601229.SH,20200507,8.11,8.12,8.07,8.07,8.11,-0.04,-0.4932,158424.8,128208.762
216,601229.SH,20200506,8.09,8.12,8.06,8.11,8.17,-0.06,-0.7344,250948.61,203013.462
217,601229.SH,20200430,8.17,8.22,8.14,8.17,8.14,0.03,0.3686,272416.31,222410.348
218,601229.SH,20200429,8.09,8.18,8.05,8.14,8.11,0.03,0.3699,230319.95,187136.011
219,601229.SH,20200428,8.17,8.18,8.05,8.11,8.15,-0.04,-0.4908,146165.43,118351.38
220,601229.SH,20200427,8.06,8.2,8.06,8.15,8.07,0.08,0.9913,179643.67,146321.315
221,601229.SH,20200424,8.12,8.14,8.05,8.07,8.11,-0.04,-0.4932,108677.51,87856.194
222,601229.SH,20200423,8.13,8.16,8.09,8.11,8.11,0.0,0.0,133195.72,108135.27
223,601229.SH,20200422,8.16,8.16,8.09,8.11,8.15,-0.04,-0.4908,135035.34,109583.288
224,601229.SH,20200421,8.23,8.25,8.12,8.15,8.24,-0.09,-1.0922,156113.22,127532.458
225,601229.SH,20200420,8.31,8.31,8.24,8.24,8.29,-0.05,-0.6031,111343.95,91911.732
226,601229.SH,20200417,8.33,8.33,8.27,8.29,8.29,0.0,0.0,99795.6,82826.497
227,601229.SH,20200416,8.26,8.31,8.26,8.29,8.31,-0.02,-0.2407,81840.27,67782.687
228,601229.SH,20200415,8.38,8.38,8.3,8.31,8.37,-0.06,-0.7168,72561.23,60428.372
229,601229.SH,20200414,8.32,8.37,8.31,8.37,8.31,0.06,0.722,101469.21,84698.769
230,601229.SH,20200413,8.27,8.32,8.26,8.31,8.29,0.02,0.2413,66802.48,55445.884
231,601229.SH,20200410,8.31,8.33,8.26,8.29,8.29,0.0,0.0,81520.18,67673.877
232,601229.SH,20200409,8.33,8.35,8.28,8.29,8.29,0.0,0.0,59099.06,49111.998
233,601229.SH,20200408,8.31,8.35,8.29,8.29,8.35,-0.06,-0.7186,80998.24,67369.232
234,601229.SH,20200407,8.37,8.4,8.33,8.35,8.29,0.06,0.7238,142998.2,119523.592
235,601229.SH,20200403,8.27,8.35,8.25,8.29,8.28,0.01,0.1208,87176.27,72228.704
236,601229.SH,20200402,8.17,8.28,8.16,8.28,8.21,0.07,0.8526,89136.69,73401.874
237,601229.SH,20200401,8.26,8.31,8.2,8.21,8.24,-0.03,-0.3641,102506.43,84624.038
238,601229.SH,20200331,8.32,8.36,8.22,8.24,8.25,-0.01,-0.1212,116886.14,96688.976
239,601229.SH,20200330,8.3,8.33,8.22,8.25,8.35,-0.1,-1.1976,122090.07,101007.375
240,601229.SH,20200327,8.41,8.44,8.34,8.35,8.41,-0.06,-0.7134,136449.96,114335.171
241,601229.SH,20200326,8.34,8.46,8.33,8.41,8.38,0.03,0.358,114409.91,96089.644
242,601229.SH,20200325,8.49,8.5,8.34,8.38,8.36,0.02,0.2392,183073.34,154026.884
243,601229.SH,20200324,8.18,8.42,8.18,8.36,8.15,0.21,2.5767,246662.34,205650.501
244,601229.SH,20200323,8.11,8.22,8.08,8.15,8.14,0.01,0.1229,167724.24,136832.831
245,601229.SH,20200320,8.14,8.29,8.14,8.14,8.1,0.04,0.4938,265257.04,217829.418
246,601229.SH,20200319,8.11,8.25,8.02,8.1,8.16,-0.06,-0.7353,279837.2,227361.09
247,601229.SH,20200318,8.3,8.34,8.16,8.16,8.25,-0.09,-1.0909,196374.09,162388.497
248,601229.SH,20200317,8.28,8.43,8.21,8.25,8.28,-0.03,-0.3623,280088.01,232700.948
249,601229.SH,20200316,8.52,8.52,8.27,8.28,8.46,-0.18,-2.1277,255697.7,214678.343
250,601229.SH,20200313,8.27,8.52,8.18,8.46,8.54,-0.08,-0.9368,282567.4,235854.192
251,601229.SH,20200312,8.57,8.6,8.48,8.54,8.6,-0.06,-0.6977,214513.06,183056.018
252,601229.SH,20200311,8.63,8.67,8.6,8.6,8.65,-0.05,-0.578,182919.24,157760.34
253,601229.SH,20200310,8.55,8.75,8.55,8.65,8.62,0.03,0.348,245486.36,212338.264
254,601229.SH,20200309,8.73,8.73,8.61,8.62,8.8,-0.18,-2.0455,256086.38,221538.551
255,601229.SH,20200306,8.86,8.89,8.79,8.8,8.92,-0.12,-1.3453,207931.67,183399.638
256,601229.SH,20200305,8.83,8.96,8.8,8.92,8.81,0.11,1.2486,347720.44,309556.79
257,601229.SH,20200304,8.75,8.83,8.73,8.81,8.77,0.04,0.4561,204443.53,179789.183
258,601229.SH,20200303,8.79,8.81,8.74,8.77,8.74,0.03,0.3432,209618.24,183901.917
259,601229.SH,20200302,8.61,8.75,8.61,8.74,8.61,0.13,1.5099,208653.78,181862.604
260,601229.SH,20200228,8.71,8.8,8.6,8.61,8.81,-0.2,-2.2701,297121.91,257625.937
261,601229.SH,20200227,8.75,8.83,8.73,8.81,8.75,0.06,0.6857,188463.63,165370.218
262,601229.SH,20200226,8.64,8.86,8.64,8.75,8.72,0.03,0.344,251623.95,220273.025
263,601229.SH,20200225,8.71,8.77,8.62,8.72,8.79,-0.07,-0.7964,236354.06,205783.943
264,601229.SH,20200224,8.85,8.88,8.78,8.79,8.87,-0.08,-0.9019,233862.61,206022.334
265,601229.SH,20200221,8.88,8.93,8.85,8.87,8.9,-0.03,-0.3371,187777.58,166796.637
266,601229.SH,20200220,8.82,8.92,8.79,8.9,8.84,0.06,0.6787,232370.86,205706.45
267,601229.SH,20200219,8.81,8.85,8.8,8.84,8.82,0.02,0.2268,167653.55,147971.76
268,601229.SH,20200218,8.84,8.86,8.8,8.82,8.86,-0.04,-0.4515,199297.59,175733.597
269,601229.SH,20200217,8.72,8.86,8.7,8.86,8.73,0.13,1.4891,244759.36,214805.292
270,601229.SH,20200214,8.68,8.78,8.68,8.73,8.7,0.03,0.3448,159323.37,139094.683
271,601229.SH,20200213,8.71,8.74,8.69,8.7,8.72,-0.02,-0.2294,198437.57,172853.762
272,601229.SH,20200212,8.65,8.74,8.61,8.72,8.65,0.07,0.8092,183904.8,159682.023
273,601229.SH,20200211,8.57,8.66,8.57,8.65,8.59,0.06,0.6985,216312.22,186744.096
274,601229.SH,20200210,8.59,8.6,8.53,8.59,8.59,0.0,0.0,260652.99,223158.221
275,601229.SH,20200207,8.57,8.65,8.5,8.59,8.59,0.0,0.0,340588.14,290805.656
276,601229.SH,20200206,8.51,8.62,8.49,8.59,8.51,0.08,0.9401,262562.76,224333.789
277,601229.SH,20200205,8.51,8.59,8.41,8.51,8.51,0.0,0.0,338555.76,288390.347
278,601229.SH,20200204,8.26,8.55,8.24,8.51,8.35,0.16,1.9162,487252.69,410802.342
279,601229.SH,20200203,8.05,8.43,8.03,8.35,8.91,-0.56,-6.2851,900940.27,737134.296
280,601229.SH,20200123,9.08,9.1,8.89,8.91,9.1,-0.19,-2.0879,415095.73,372926.216
281,601229.SH,20200122,9.1,9.13,9.06,9.1,9.13,-0.03,-0.3286,246658.65,224397.656
282,601229.SH,20200121,9.15,9.15,9.08,9.13,9.16,-0.03,-0.3275,350718.83,319590.492
283,601229.SH,20200120,9.14,9.17,9.1,9.16,9.13,0.03,0.3286,336496.72,307668.2
284,601229.SH,20200117,9.16,9.18,9.11,9.13,9.16,-0.03,-0.3275,264217.14,241540.906
285,601229.SH,20200116,9.18,9.18,9.11,9.16,9.16,0.0,0.0,342406.28,312954.312
286,601229.SH,20200115,9.2,9.21,9.13,9.16,9.19,-0.03,-0.3264,286425.16,262324.467
287,601229.SH,20200114,9.25,9.27,9.17,9.19,9.25,-0.06,-0.6486,567187.81,522482.886
288,601229.SH,20200113,9.26,9.28,9.16,9.25,9.4,-0.15,-1.5957,885121.77,814680.337
289,601229.SH,20200110,9.4,9.42,9.36,9.4,9.38,0.02,0.2132,128160.38,120279.992
290,601229.SH,20200109,9.4,9.45,9.35,9.38,9.36,0.02,0.2137,183997.17,172739.391
291,601229.SH,20200108,9.46,9.47,9.33,9.36,9.49,-0.13,-1.3699,313208.92,294037.756
292,601229.SH,20200107,9.46,9.58,9.45,9.49,9.44,0.05,0.5297,282361.65,268543.342
293,601229.SH,20200106,9.46,9.51,9.4,9.44,9.5,-0.06,-0.6316,325732.43,308114.488
294,601229.SH,20200103,9.55,9.56,9.48,9.5,9.54,-0.04,-0.4193,203790.56,193970.574
295,601229.SH,20200102,9.58,9.64,9.52,9.54,9.49,0.05,0.5269,350677.83,335863.467
296,601229.SH,20191231,9.49,9.51,9.43,9.49,9.52,-0.03,-0.3151,177379.36,167921.902
297,601229.SH,20191230,9.41,9.53,9.35,9.52,9.46,0.06,0.6342,270406.12,255424.51
298,601229.SH,20191227,9.45,9.54,9.45,9.46,9.46,0.0,0.0,213378.77,202474.473
299,601229.SH,20191226,9.42,9.46,9.39,9.46,9.42,0.04,0.4246,136164.31,128358.01
300,601229.SH,20191225,9.47,9.47,9.37,9.42,9.47,-0.05,-0.528,165732.6,156138.805
301,601229.SH,20191224,9.42,9.48,9.39,9.47,9.42,0.05,0.5308,141311.67,133493.483
302,601229.SH,20191223,9.54,9.59,9.37,9.42,9.54,-0.12,-1.2579,316296.59,299737.219
303,601229.SH,20191220,9.47,9.57,9.45,9.54,9.46,0.08,0.8457,321442.12,305654.209
304,601229.SH,20191219,9.39,9.52,9.38,9.46,9.4,0.06,0.6383,336012.29,318106.707
305,601229.SH,20191218,9.36,9.44,9.36,9.4,9.4,0.0,0.0,348086.96,327198.246
306,601229.SH,20191217,9.27,9.5,9.24,9.4,9.28,0.12,1.2931,533918.06,500075.096
307,601229.SH,20191216,9.27,9.3,9.22,9.28,9.33,-0.05,-0.5359,403263.38,373202.096
308,601229.SH,20191213,9.19,9.33,9.14,9.33,9.14,0.19,2.0788,636342.47,585373.045
309,601229.SH,20191212,9.2,9.22,9.12,9.14,9.21,-0.07,-0.76,370844.2,339735.791
310,601229.SH,20191211,9.22,9.23,9.18,9.21,9.19,0.02,0.2176,269063.83,247509.647
311,601229.SH,20191210,9.27,9.3,9.17,9.19,9.25,-0.06,-0.6486,263912.79,243173.726
312,601229.SH,20191209,9.3,9.32,9.22,9.25,9.3,-0.05,-0.5376,189392.18,175381.786
313,601229.SH,20191206,9.31,9.32,9.26,9.3,9.29,0.01,0.1076,135326.73,125634.863
314,601229.SH,20191205,9.31,9.32,9.26,9.29,9.28,0.01,0.1078,151097.55,140385.421
315,601229.SH,20191204,9.27,9.29,9.22,9.28,9.25,0.03,0.3243,142695.9,132252.682
316,601229.SH,20191203,9.23,9.28,9.2,9.25,9.24,0.01,0.1082,136131.88,125929.667
317,601229.SH,20191202,9.19,9.27,9.17,9.24,9.19,0.05,0.5441,152587.83,140940.637
318,601229.SH,20191129,9.2,9.24,9.15,9.19,9.19,0.0,0.0,213607.44,196143.947
319,601229.SH,20191128,9.27,9.28,9.16,9.19,9.28,-0.09,-0.9698,212651.01,196015.498
320,601229.SH,20191127,9.31,9.34,9.21,9.28,9.32,-0.04,-0.4292,175676.79,163084.136
321,601229.SH,20191126,9.3,9.32,9.26,9.32,9.3,0.02,0.2151,465793.02,433292.69
322,601229.SH,20191125,9.24,9.32,9.22,9.3,9.24,0.06,0.6494,248093.88,230617.781
323,601229.SH,20191122,9.2,9.27,9.18,9.24,9.18,0.06,0.6536,209879.08,193698.518
324,601229.SH,20191121,9.12,9.2,9.11,9.18,9.12,0.06,0.6579,175224.6,160200.07
325,601229.SH,20191120,9.2,9.2,9.09,9.12,9.21,-0.09,-0.9772,259640.55,237393.494
326,601229.SH,20191119,9.16,9.22,9.13,9.21,9.21,0.0,0.0,243671.74,223707.781
327,601229.SH,20191118,8.91,9.32,8.91,9.21,9.13,0.08,0.8762,570934.83,521415.296
328,601229.SH,20191115,9.15,9.21,9.1,9.13,9.15,-0.02,-0.2186,216399.27,197934.247
329,601229.SH,20191114,9.1,9.19,9.07,9.15,9.12,0.03,0.3289,217744.84,198701.502
330,601229.SH,20191113,9.23,9.24,9.05,9.12,9.24,-0.12,-1.2987,294138.54,268421.674
331,601229.SH,20191112,9.27,9.3,9.2,9.24,9.26,-0.02,-0.216,215242.69,199103.106
332,601229.SH,20191111,9.35,9.38,9.24,9.26,9.39,-0.13,-1.3845,250353.64,232646.043
333,601229.SH,20191108,9.55,9.55,9.39,9.39,9.5,-0.11,-1.1579,237801.92,224416.641
334,601229.SH,20191107,9.45,9.57,9.45,9.5,9.47,0.03,0.3168,263131.67,250350.435
335,601229.SH,20191106,9.44,9.54,9.4,9.47,9.45,0.02,0.2116,329832.11,313039.455
336,601229.SH,20191105,9.28,9.52,9.23,9.45,9.28,0.17,1.8319,453784.07,426646.954
337,601229.SH,20191104,9.35,9.45,9.25,9.28,9.35,-0.07,-0.7487,418781.63,391203.584
338,601229.SH,20191101,9.31,9.38,9.2,9.35,9.33,0.02,0.2144,365984.16,340339.387
339,601229.SH,20191031,9.4,9.4,9.28,9.33,9.39,-0.06,-0.639,178008.26,165977.303
340,601229.SH,20191030,9.31,9.42,9.26,9.39,9.36,0.03,0.3205,262687.63,245334.007
341,601229.SH,20191029,9.62,9.63,9.33,9.36,9.62,-0.26,-2.7027,336983.17,318681.258
342,601229.SH,20191028,9.55,9.64,9.49,9.62,9.64,-0.02,-0.2075,278791.33,267480.754
343,601229.SH,20191025,9.57,9.66,9.46,9.64,9.56,0.08,0.8368,242307.78,231724.1
344,601229.SH,20191024,9.54,9.66,9.44,9.56,9.55,0.01,0.1047,251812.55,241167.464
345,601229.SH,20191023,9.6,9.63,9.52,9.55,9.61,-0.06,-0.6243,156748.21,149983.442
346,601229.SH,20191022,9.66,9.69,9.52,9.61,9.65,-0.04,-0.4145,245726.18,235227.546
347,601229.SH,20191021,9.59,9.7,9.54,9.65,9.57,0.08,0.8359,217061.71,209021.942
348,601229.SH,20191018,9.72,9.8,9.51,9.57,9.71,-0.14,-1.4418,338822.64,327099.667
349,601229.SH,20191017,9.8,9.83,9.64,9.71,9.81,-0.1,-1.0194,323123.98,314113.35
350,601229.SH,20191016,9.98,10.07,9.77,9.81,9.98,-0.17,-1.7034,611052.16,604534.692
351,601229.SH,20191015,9.75,9.98,9.72,9.98,9.76,0.22,2.2541,631790.85,623723.907
352,601229.SH,20191014,9.69,9.92,9.6,9.76,9.59,0.17,1.7727,655855.37,641692.345
353,601229.SH,20191011,9.59,9.65,9.53,9.59,9.56,0.03,0.3138,370349.29,355715.918
354,601229.SH,20191010,9.53,9.59,9.52,9.56,9.56,0.0,0.0,253811.22,242378.653
355,601229.SH,20191009,9.38,9.65,9.35,9.56,9.41,0.15,1.594,482127.23,460796.474
356,601229.SH,20191008,9.31,9.47,9.28,9.41,9.35,0.06,0.6417,330521.02,310410.536
357,601229.SH,20190930,9.37,9.45,9.33,9.35,9.38,-0.03,-0.3198,215209.24,202154.687
358,601229.SH,20190927,9.4,9.46,9.31,9.38,9.4,-0.02,-0.2128,303730.12,285125.947
359,601229.SH,20190926,9.33,9.54,9.27,9.4,9.29,0.11,1.1841,647578.65,609467.673
360,601229.SH,20190925,9.16,9.31,9.16,9.29,9.19,0.1,1.0881,317184.39,293884.538
361,601229.SH,20190924,9.14,9.21,9.14,9.19,9.18,0.01,0.1089,189812.85,174276.148
362,601229.SH,20190923,9.25,9.26,9.13,9.18,9.29,-0.11,-1.1841,189173.94,173668.401
363,601229.SH,20190920,9.19,9.3,9.18,9.29,9.18,0.11,1.1983,335706.82,310931.37
364,601229.SH,20190919,9.21,9.22,9.13,9.18,9.19,-0.01,-0.1088,166838.55,153042.255
365,601229.SH,20190918,9.23,9.24,9.18,9.19,9.2,-0.01,-0.1087,177907.5,163822.42
366,601229.SH,20190917,9.29,9.29,9.2,9.2,9.28,-0.08,-0.8621,288664.56,266899.797
367,601229.SH,20190916,9.34,9.34,9.24,9.28,9.33,-0.05,-0.5359,226628.99,210094.779
368,601229.SH,20190912,9.28,9.34,9.26,9.33,9.28,0.05,0.5388,253629.07,235825.98
369,601229.SH,20190911,9.3,9.31,9.24,9.28,9.21,0.07,0.76,340015.6,315333.323
370,601229.SH,20190910,9.17,9.23,9.12,9.21,9.17,0.04,0.4362,263415.98,241329.312
371,601229.SH,20190909,9.23,9.26,9.14,9.17,9.19,-0.02,-0.2176,332256.54,305259.673
372,601229.SH,20190906,9.14,9.19,9.1,9.19,9.14,0.05,0.547,290990.36,266319.818
373,601229.SH,20190905,9.1,9.23,9.1,9.14,9.08,0.06,0.6608,381095.21,349172.771
374,601229.SH,20190904,9.0,9.09,8.97,9.08,8.99,0.09,1.0011,293205.78,265399.054
375,601229.SH,20190903,9.05,9.06,8.96,8.99,9.01,-0.02,-0.222,209839.43,188670.561
376,601229.SH,20190902,9.04,9.06,9.0,9.01,9.02,-0.01,-0.1109,205741.2,185749.394
377,601229.SH,20190830,8.97,9.04,8.93,9.02,8.92,0.1,1.1211,286506.4,257243.598
378,601229.SH,20190829,8.96,8.96,8.89,8.92,8.96,-0.04,-0.4464,209632.25,187068.906
379,601229.SH,20190828,8.99,9.02,8.94,8.96,8.95,0.01,0.1117,182206.96,163423.77
380,601229.SH,20190827,8.95,9.07,8.93,8.95,8.91,0.04,0.4489,421030.76,379335.36
381,601229.SH,20190826,8.87,8.95,8.83,8.91,8.97,-0.06,-0.6689,245450.12,218190.752
382,601229.SH,20190823,8.95,8.99,8.91,8.97,8.94,0.03,0.3356,182405.31,163464.385
383,601229.SH,20190822,9.0,9.03,8.9,8.94,8.96,-0.02,-0.2232,190456.0,170323.452
384,601229.SH,20190821,9.02,9.06,8.95,8.96,9.05,-0.09,-0.9945,188006.38,169251.276
385,601229.SH,20190820,9.1,9.13,9.05,9.05,9.14,-0.09,-0.9847,221748.25,201360.709
386,601229.SH,20190819,9.06,9.18,8.91,9.14,9.08,0.06,0.6608,416754.39,375824.444
387,601229.SH,20190816,9.1,9.17,9.06,9.08,9.1,-0.02,-0.2198,190794.49,173706.204
388,601229.SH,20190815,9.0,9.13,8.97,9.1,9.14,-0.04,-0.4376,232664.57,210929.012
389,601229.SH,20190814,9.28,9.31,9.14,9.14,9.21,-0.07,-0.76,212083.65,195294.145
390,601229.SH,20190813,9.2,9.35,9.16,9.21,9.19,0.02,0.2176,315742.12,291956.34
391,601229.SH,20190812,9.01,9.2,8.98,9.19,9.04,0.15,1.6593,269335.07,245410.043
392,601229.SH,20190809,9.12,9.13,8.99,9.04,9.04,0.0,0.0,257126.74,232894.466
393,601229.SH,20190808,8.93,9.08,8.9,9.04,8.9,0.14,1.573,268106.3,241039.982
394,601229.SH,20190807,8.99,9.01,8.9,8.9,8.93,-0.03,-0.3359,202065.45,180518.524
395,601229.SH,20190806,8.87,9.02,8.83,8.93,8.97,-0.04,-0.4459,393964.9,350207.949
396,601229.SH,20190805,9.09,9.14,8.97,8.97,9.14,-0.17,-1.86,250414.28,226440.766
397,601229.SH,20190802,9.12,9.19,9.07,9.14,9.23,-0.09,-0.9751,388095.3,354068.936
398,601229.SH,20190801,9.29,9.31,9.16,9.23,9.31,-0.08,-0.8593,285649.28,263503.028
399,601229.SH,20190731,9.25,9.33,9.22,9.31,9.27,0.04,0.4315,271861.48,252434.577
400,601229.SH,20190730,9.19,9.33,9.18,9.27,9.21,0.06,0.6515,272931.27,253268.241
401,601229.SH,20190729,9.28,9.28,9.16,9.21,9.22,-0.01,-0.1085,213049.08,196203.7
402,601229.SH,20190726,9.02,9.27,9.02,9.22,9.07,0.15,1.6538,503752.51,462164.48
403,601229.SH,20190725,8.99,9.07,8.94,9.07,8.88,0.19,2.1396,399971.1,360289.454
404,601229.SH,20190724,8.86,8.93,8.84,8.88,8.86,0.02,0.2257,211398.35,187846.919
405,601229.SH,20190723,8.85,8.88,8.84,8.86,8.85,0.01,0.113,161795.32,143280.312
406,601229.SH,20190722,8.95,8.95,8.83,8.85,8.92,-0.07,-0.7848,203326.65,180537.228
407,601229.SH,20190719,8.9,8.98,8.87,8.92,8.9,0.02,0.2247,254035.09,226549.124
408,601229.SH,20190718,8.88,8.98,8.82,8.9,8.82,0.08,0.907,305495.87,272198.155
409,601229.SH,20190717,8.84,8.86,8.8,8.82,8.85,-0.03,-0.339,134154.21,118373.899
410,601229.SH,20190716,8.81,8.88,8.8,8.85,8.84,0.01,0.1131,150937.55,133678.4
411,601229.SH,20190715,8.87,8.88,8.74,8.84,8.86,-0.02,-0.2257,227647.07,200451.799
412,601229.SH,20190712,8.79,8.88,8.77,8.86,8.79,0.07,0.7964,184593.93,163253.276
413,601229.SH,20190711,8.81,8.86,8.76,8.79,8.79,0.0,0.0,126601.68,111469.249
414,601229.SH,20190710,8.88,8.89,8.78,8.79,8.87,-0.08,-0.9019,146821.74,129516.857
415,601229.SH,20190709,8.85,8.88,8.81,8.87,8.88,-0.01,-0.1126,145067.15,128227.901
416,601229.SH,20190708,9.01,9.03,8.8,8.88,8.97,-0.09,-1.0033,321609.75,285365.473
417,601229.SH,20190705,8.97,9.0,8.95,8.97,8.95,0.02,0.2235,159422.72,142981.997
418,601229.SH,20190704,9.07,9.1,8.94,8.95,9.1,-0.15,-1.6484,396453.53,357265.364
419,601229.SH,20190703,9.08,9.25,9.04,9.1,9.08,0.02,0.2203,274855.73,250523.582
420,601229.SH,20190702,12.14,12.32,12.11,12.26,12.16,0.1,0.8224,411644.12,503257.454
421,601229.SH,20190701,11.97,12.17,11.97,12.16,11.85,0.31,2.616,423527.82,510929.769
422,601229.SH,20190628,11.86,11.89,11.81,11.85,11.86,-0.01,-0.0843,158985.51,188346.122
423,601229.SH,20190627,11.87,11.93,11.83,11.86,11.85,0.01,0.0844,216006.94,256777.659
424,601229.SH,20190626,11.79,11.89,11.79,11.85,11.82,0.03,0.2538,140519.22,166633.796
425,601229.SH,20190625,11.94,11.97,11.77,11.82,11.85,-0.03,-0.2532,308569.43,365750.455
426,601229.SH,20190624,11.75,11.89,11.75,11.85,11.89,-0.04,-0.3364,169845.58,201064.802
427,601229.SH,20190621,11.95,11.99,11.77,11.89,11.95,-0.06,-0.5021,755321.13,895336.268
428,601229.SH,20190620,11.78,12.05,11.73,11.95,11.74,0.21,1.7888,433818.63,516621.471
429,601229.SH,20190619,11.84,11.87,11.73,11.74,11.66,0.08,0.6861,332179.31,391633.911
430,601229.SH,20190618,11.65,11.68,11.6,11.66,11.64,0.02,0.1718,172143.95,200275.901
431,601229.SH,20190617,11.61,11.72,11.61,11.64,11.63,0.01,0.086,148445.8,173118.022
432,601229.SH,20190614,11.68,11.69,11.59,11.63,11.68,-0.05,-0.4281,156235.32,181588.54
433,601229.SH,20190613,11.68,11.73,11.61,11.68,11.7,-0.02,-0.1709,154357.83,180111.394
434,601229.SH,20190612,11.64,11.72,11.59,11.7,11.63,0.07,0.6019,226019.03,263236.154
435,601229.SH,20190611,11.52,11.65,11.48,11.63,11.52,0.11,0.9549,280496.41,325099.281
436,601229.SH,20190610,11.5,11.58,11.47,11.52,11.47,0.05,0.4359,186336.22,214701.677
437,601229.SH,20190606,11.42,11.49,11.4,11.47,11.41,0.06,0.5259,172502.75,197692.222
438,601229.SH,20190605,11.46,11.49,11.41,11.41,11.4,0.01,0.0877,190282.65,217833.079
439,601229.SH,20190604,11.38,11.4,11.32,11.4,11.38,0.02,0.1757,134136.48,152499.491
440,601229.SH,20190603,11.28,11.42,11.26,11.38,11.26,0.12,1.0657,262006.22,297322.859
441,601229.SH,20190531,11.37,11.4,11.25,11.26,11.32,-0.06,-0.53,215642.36,243890.871
442,601229.SH,20190530,11.35,11.4,11.27,11.32,11.38,-0.06,-0.5272,205998.7,233017.481
443,601229.SH,20190529,11.47,11.49,11.37,11.38,11.51,-0.13,-1.1295,189472.98,216297.14
444,601229.SH,20190528,11.44,11.53,11.4,11.51,11.49,0.02,0.1741,332875.51,382213.798
445,601229.SH,20190527,11.39,11.54,11.24,11.49,11.41,0.08,0.7011,270108.95,307827.578
446,601229.SH,20190524,11.28,11.49,11.24,11.41,11.23,0.18,1.6028,218267.86,248362.659
447,601229.SH,20190523,11.38,11.39,11.22,11.23,11.4,-0.17,-1.4912,222432.07,250658.471
448,601229.SH,20190522,11.48,11.5,11.38,11.4,11.46,-0.06,-0.5236,153578.36,175553.797
449,601229.SH,20190521,11.4,11.55,11.39,11.46,11.4,0.06,0.5263,242697.85,278589.328
450,601229.SH,20190520,11.38,11.49,11.33,11.4,11.35,0.05,0.4405,205116.5,234050.056
451,601229.SH,20190517,11.6,11.6,11.33,11.35,11.58,-0.23,-1.9862,289995.73,332323.815
452,601229.SH,20190516,11.6,11.62,11.52,11.58,11.59,-0.01,-0.0863,234007.37,270451.447
453,601229.SH,20190515,11.58,11.66,11.52,11.59,11.51,0.08,0.695,267215.05,309478.506
454,601229.SH,20190514,11.47,11.69,11.44,11.51,11.56,-0.05,-0.4325,276355.89,319106.029
455,601229.SH,20190513,11.65,11.68,11.55,11.56,11.79,-0.23,-1.9508,239821.8,278141.348
456,601229.SH,20190510,11.7,11.85,11.43,11.79,11.6,0.19,1.6379,351126.77,411123.722
457,601229.SH,20190509,11.81,11.86,11.56,11.6,11.82,-0.22,-1.8613,334681.69,390358.579
458,601229.SH,20190508,11.97,12.09,11.8,11.82,12.13,-0.31,-2.5556,419475.03,498548.344
459,601229.SH,20190507,12.34,12.36,11.97,12.13,12.31,-0.18,-1.4622,418428.36,507456.24
460,601229.SH,20190506,12.41,12.58,12.02,12.31,12.67,-0.36,-2.8414,670557.15,823238.75
461,601229.SH,20190430,12.37,12.82,12.34,12.67,12.37,0.3,2.4252,424392.93,535219.055
462,601229.SH,20190429,12.3,12.52,12.22,12.37,12.24,0.13,1.0621,404558.23,500831.225
463,601229.SH,20190426,12.45,12.56,12.2,12.24,12.5,-0.26,-2.08,368261.87,455751.257
464,601229.SH,20190425,12.7,12.76,12.49,12.5,12.77,-0.27,-2.1143,345331.92,436203.177
465,601229.SH,20190424,12.88,13.01,12.63,12.77,12.85,-0.08,-0.6226,360637.93,462225.208
466,601229.SH,20190423,12.67,12.93,12.66,12.85,12.73,0.12,0.9427,379721.34,486766.756
467,601229.SH,20190422,13.0,13.08,12.62,12.73,12.79,-0.06,-0.4691,518175.41,667464.571
468,601229.SH,20190419,12.72,12.88,12.58,12.79,12.69,0.1,0.788,249095.43,316987.774
469,601229.SH,20190418,12.8,12.89,12.66,12.69,12.77,-0.08,-0.6265,220460.19,281194.829
470,601229.SH,20190417,12.87,12.93,12.7,12.77,12.89,-0.12,-0.931,328453.77,420102.211
471,601229.SH,20190416,12.29,12.9,12.29,12.89,12.41,0.48,3.8678,716034.21,912234.858
472,601229.SH,20190415,12.79,12.82,12.41,12.41,12.51,-0.1,-0.7994,367733.48,465352.942
473,601229.SH,20190412,12.36,12.55,12.35,12.51,12.37,0.14,1.1318,226485.31,282692.674
474,601229.SH,20190411,12.46,12.63,12.33,12.37,12.48,-0.11,-0.8814,266348.4,332428.184
475,601229.SH,20190410,12.42,12.52,12.31,12.48,12.46,0.02,0.1605,295169.88,365876.78
476,601229.SH,20190409,12.59,12.62,12.43,12.46,12.6,-0.14,-1.1111,273699.33,341958.523
477,601229.SH,20190408,12.52,12.78,12.43,12.6,12.43,0.17,1.3677,631214.88,797204.652
478,601229.SH,20190404,12.4,12.54,12.31,12.43,12.34,0.09,0.7293,465343.37,578583.392
479,601229.SH,20190403,12.12,12.35,12.07,12.34,12.17,0.17,1.3969,420017.34,513444.666
480,601229.SH,20190402,12.24,12.33,12.15,12.17,12.19,-0.02,-0.1641,321365.02,392623.194
481,601229.SH,20190401,12.02,12.26,12.02,12.19,11.98,0.21,1.7529,460738.9,560848.934
482,601229.SH,20190329,11.71,12.0,11.68,11.98,11.7,0.28,2.3932,401636.87,477786.817
483,601229.SH,20190328,11.68,11.71,11.63,11.7,11.72,-0.02,-0.1706,183827.52,214517.11
484,601229.SH,20190327,11.78,11.83,11.69,11.72,11.71,0.01,0.0854,199522.13,234686.378
485,601229.SH,20190326,11.85,11.85,11.66,11.71,11.78,-0.07,-0.5942,227287.52,266870.838
486,601229.SH,20190325,11.9,11.95,11.76,11.78,12.02,-0.24,-1.9967,310491.16,367720.541
487,601229.SH,20190322,12.13,12.16,11.96,12.02,12.13,-0.11,-0.9068,301129.78,362419.336
488,601229.SH,20190321,12.14,12.22,12.12,12.13,12.16,-0.03,-0.2467,284257.62,345699.46
489,601229.SH,20190320,12.15,12.22,12.09,12.16,12.18,-0.02,-0.1642,236496.12,287431.056
490,601229.SH,20190319,12.24,12.32,12.15,12.18,12.22,-0.04,-0.3273,306994.4,375025.614
491,601229.SH,20190318,12.06,12.23,12.01,12.22,12.08,0.14,1.1589,382707.9,465155.881
492,601229.SH,20190315,12.14,12.2,12.02,12.08,12.06,0.02,0.1658,313412.72,379303.825
493,601229.SH,20190314,12.08,12.23,11.96,12.06,12.11,-0.05,-0.4129,324250.37,392171.446
494,601229.SH,20190313,12.06,12.21,11.92,12.11,12.07,0.04,0.3314,415682.18,501358.451
495,601229.SH,20190312,12.19,12.28,12.01,12.07,12.13,-0.06,-0.4946,460249.0,559653.297
496,601229.SH,20190311,12.05,12.14,11.96,12.13,12.05,0.08,0.6639,370346.97,446736.608
497,601229.SH,20190308,12.5,12.51,12.05,12.05,12.71,-0.66,-5.1928,603225.83,739721.929
498,601229.SH,20190307,12.7,12.89,12.52,12.71,12.7,0.01,0.0787,603669.65,767263.935
499,601229.SH,20190306,12.57,12.81,12.5,12.7,12.58,0.12,0.9539,497433.68,628839.088
500,601229.SH,20190305,12.53,12.62,12.44,12.58,12.59,-0.01,-0.0794,381114.18,477666.785
501,601229.SH,20190304,12.6,12.95,12.51,12.59,12.47,0.12,0.9623,823313.31,1045109.416
502,601229.SH,20190301,12.36,12.52,12.16,12.47,12.3,0.17,1.3821,512050.33,630145.89
503,601229.SH,20190228,12.43,12.52,12.21,12.3,12.5,-0.2,-1.6,428566.72,529888.805
504,601229.SH,20190227,12.29,12.92,12.13,12.5,12.23,0.27,2.2077,960477.26,1201263.392
505,601229.SH,20190226,12.55,12.66,12.16,12.23,12.64,-0.41,-3.2437,757279.4,938696.836
506,601229.SH,20190225,11.83,12.79,11.77,12.64,11.76,0.88,7.483,931096.28,1134917.532
507,601229.SH,20190222,11.46,11.77,11.4,11.76,11.48,0.28,2.439,408107.64,472106.729
508,601229.SH,20190221,11.5,11.62,11.46,11.48,11.5,-0.02,-0.1739,245196.65,282579.029
509,601229.SH,20190220,11.56,11.59,11.47,11.5,11.51,-0.01,-0.0869,207227.0,238592.315
510,601229.SH,20190219,11.57,11.73,11.48,11.51,11.57,-0.06,-0.5186,316331.52,365968.007
511,601229.SH,20190218,11.51,11.58,11.44,11.57,11.4,0.17,1.4912,326543.83,375834.004
512,601229.SH,20190215,11.52,11.56,11.38,11.4,11.58,-0.18,-1.5544,241057.27,275812.972
513,601229.SH,20190214,11.65,11.65,11.53,11.58,11.67,-0.09,-0.7712,199335.07,230811.643
514,601229.SH,20190213,11.55,11.74,11.44,11.67,11.55,0.12,1.039,326828.0,377615.361
515,601229.SH,20190212,11.5,11.57,11.45,11.55,11.51,0.04,0.3475,212083.47,244009.247
516,601229.SH,20190211,11.43,11.55,11.36,11.51,11.53,-0.02,-0.1735,203982.32,233903.462
517,601229.SH,20190201,11.6,11.63,11.44,11.53,11.51,0.02,0.1738,195001.05,224628.604
518,601229.SH,20190131,11.33,11.51,11.32,11.51,11.3,0.21,1.8584,297971.28,340988.878
519,601229.SH,20190130,11.3,11.37,11.25,11.3,11.34,-0.04,-0.3527,125704.0,142314.815
520,601229.SH,20190129,11.21,11.36,11.2,11.34,11.26,0.08,0.7105,159893.75,180753.111
521,601229.SH,20190128,11.22,11.38,11.18,11.26,11.18,0.08,0.7156,217535.34,246007.678
522,601229.SH,20190125,11.11,11.23,11.1,11.18,11.07,0.11,0.9937,241037.87,269666.643
523,601229.SH,20190124,11.21,11.21,10.96,11.07,11.16,-0.09,-0.8065,217586.27,240416.839
524,601229.SH,20190123,11.18,11.25,11.11,11.16,11.21,-0.05,-0.446,116596.88,130360.466
525,601229.SH,20190122,11.39,11.41,11.17,11.21,11.39,-0.18,-1.5803,125594.48,141642.031
526,601229.SH,20190121,11.3,11.4,11.28,11.39,11.3,0.09,0.7965,174056.27,197697.45
527,601229.SH,20190118,11.21,11.31,11.15,11.3,11.14,0.16,1.4363,152943.83,172157.25
528,601229.SH,20190117,11.23,11.24,11.07,11.14,11.19,-0.05,-0.4468,132917.92,148185.64
529,601229.SH,20190116,11.28,11.29,11.16,11.19,11.3,-0.11,-0.9735,117768.64,132042.66
530,601229.SH,20190115,11.28,11.32,11.2,11.3,11.27,0.03,0.2662,132946.09,149770.382
531,601229.SH,20190114,11.22,11.29,11.2,11.27,11.22,0.05,0.4456,124758.96,140456.466
532,601229.SH,20190111,11.21,11.3,11.18,11.22,11.16,0.06,0.5376,83463.53,93754.015
533,601229.SH,20190110,11.15,11.23,11.13,11.16,11.19,-0.03,-0.2681,116406.83,130045.912
534,601229.SH,20190109,11.32,11.4,11.18,11.19,11.23,-0.04,-0.3562,162903.53,184327.864
535,601229.SH,20190108,11.24,11.27,11.16,11.23,11.24,-0.01,-0.089,88379.8,99060.619
536,601229.SH,20190107,11.3,11.35,11.19,11.24,11.29,-0.05,-0.4429,146281.78,164688.691
537,601229.SH,20190104,11.13,11.38,11.08,11.29,11.17,0.12,1.0743,178305.69,200191.479
538,601229.SH,20190103,10.98,11.2,10.97,11.17,11.01,0.16,1.4532,124250.16,138201.446
539,601229.SH,20190102,11.1,11.16,10.91,11.01,11.19,-0.18,-1.6086,146680.93,161382.181
540,601229.SH,20181228,10.92,11.2,10.89,11.19,10.86,0.33,3.0387,215553.31,239877.429
541,601229.SH,20181227,10.82,10.96,10.81,10.86,10.7,0.16,1.4953,225692.13,245854.875
542,601229.SH,20181226,10.9,10.99,10.7,10.7,10.91,-0.21,-1.9248,149828.2,161661.079
543,601229.SH,20181225,10.9,10.99,10.65,10.91,11.03,-0.12,-1.0879,190601.08,206206.714
544,601229.SH,20181224,11.12,11.2,10.96,11.03,11.22,-0.19,-1.6934,193054.58,213203.017
545,601229.SH,20181221,11.41,11.41,11.1,11.22,11.4,-0.18,-1.5789,171931.58,192730.084
546,601229.SH,20181220,11.72,11.79,11.3,11.4,11.73,-0.33,-2.8133,216780.87,248209.799
547,601229.SH,20181219,11.83,11.87,11.72,11.73,11.82,-0.09,-0.7614,120441.42,142339.644
548,601229.SH,20181218,11.74,11.88,11.71,11.82,11.83,-0.01,-0.0845,139736.2,164761.903
549,601229.SH,20181217,11.72,11.83,11.68,11.83,11.68,0.15,1.2842,154037.5,181682.17
550,601229.SH,20181214,11.65,11.76,11.64,11.68,11.73,-0.05,-0.4263,143772.8,168375.027
551,601229.SH,20181213,11.69,11.76,11.62,11.73,11.66,0.07,0.6003,131966.73,154579.557
552,601229.SH,20181212,11.68,11.69,11.57,11.66,11.57,0.09,0.7779,111949.34,130310.224
553,601229.SH,20181211,11.48,11.63,11.48,11.57,11.51,0.06,0.5213,91871.45,106229.045
554,601229.SH,20181210,11.48,11.58,11.43,11.51,11.55,-0.04,-0.3463,105069.68,120877.833
555,601229.SH,20181207,11.54,11.65,11.51,11.55,11.52,0.03,0.2604,77144.97,89290.253
556,601229.SH,20181206,11.48,11.59,11.46,11.52,11.65,-0.13,-1.1159,148674.1,170835.776
557,601229.SH,20181205,11.6,11.69,11.57,11.65,11.7,-0.05,-0.4274,105432.11,122681.569
558,601229.SH,20181204,11.6,11.7,11.54,11.7,11.58,0.12,1.0363,145967.29,169869.293
559,601229.SH,20181203,11.78,11.78,11.54,11.58,11.47,0.11,0.959,286676.8,334012.877
560,601229.SH,20181130,11.35,11.58,11.33,11.47,11.33,0.14,1.2357,195956.38,225300.322
561,601229.SH,20181129,11.6,11.62,11.3,11.33,11.52,-0.19,-1.6493,154416.49,176701.834
562,601229.SH,20181128,11.38,11.57,11.37,11.52,11.4,0.12,1.0526,106522.82,122463.869
563,601229.SH,20181127,11.48,11.54,11.38,11.4,11.42,-0.02,-0.1751,110803.21,126895.221
564,601229.SH,20181126,11.59,11.61,11.38,11.42,11.44,-0.02,-0.1748,117328.45,135137.282
565,601229.SH,20181123,11.56,11.61,11.44,11.44,11.52,-0.08,-0.6944,136673.92,157357.949
566,601229.SH,20181122,11.61,11.63,11.47,11.52,11.62,-0.1,-0.8606,110154.76,127065.526
567,601229.SH,20181121,11.5,11.64,11.49,11.62,11.63,-0.01,-0.086,107015.51,123939.704
568,601229.SH,20181120,11.78,11.78,11.6,11.63,11.79,-0.16,-1.3571,166548.75,194200.329
569,601229.SH,20181119,11.72,11.85,11.7,11.79,11.72,0.07,0.5973,172064.33,202581.935
570,601229.SH,20181116,11.8,11.88,11.67,11.72,11.77,-0.05,-0.4248,186192.84,219021.012
571,601229.SH,20181115,11.7,11.84,11.69,11.77,11.69,0.08,0.6843,123904.01,145832.832
572,601229.SH,20181114,11.86,11.94,11.63,11.69,11.85,-0.16,-1.3502,183121.81,215324.517
573,601229.SH,20181113,11.53,11.92,11.51,11.85,11.65,0.2,1.7167,206352.37,242866.138
574,601229.SH,20181112,11.52,11.68,11.47,11.65,11.52,0.13,1.1285,201082.54,233434.338
575,601229.SH,20181109,12.07,12.07,11.46,11.52,12.12,-0.6,-4.9505,501780.79,582437.017
576,601229.SH,20181108,12.25,12.26,12.09,12.12,12.08,0.04,0.3311,129084.43,156917.591
577,601229.SH,20181107,12.16,12.29,12.08,12.08,12.07,0.01,0.0829,184853.07,225234.059
578,601229.SH,20181106,12.19,12.22,11.99,12.07,12.2,-0.13,-1.0656,187453.11,226494.729
579,601229.SH,20181105,12.27,12.38,12.13,12.2,12.33,-0.13,-1.0543,184642.17,225835.592
580,601229.SH,20181102,12.16,12.45,12.08,12.33,12.02,0.31,2.579,342288.02,419595.428
581,601229.SH,20181101,12.2,12.3,11.98,12.02,12.21,-0.19,-1.5561,313681.83,379767.552
582,601229.SH,20181031,12.29,12.39,12.13,12.21,12.29,-0.08,-0.6509,224755.11,274412.389
583,601229.SH,20181030,12.25,12.4,12.16,12.29,12.13,0.16,1.319,342928.77,422082.506
584,601229.SH,20181029,12.3,12.38,11.97,12.13,12.12,0.01,0.0825,289041.31,351720.583
585,601229.SH,20181026,12.23,12.28,12.01,12.12,12.21,-0.09,-0.7371,189629.46,230134.216
586,601229.SH,20181025,11.87,12.24,11.86,12.21,12.07,0.14,1.1599,242014.83,291475.664
587,601229.SH,20181024,11.79,12.3,11.72,12.07,11.7,0.37,3.1624,407652.49,493211.619
588,601229.SH,20181023,11.85,12.0,11.69,11.7,11.96,-0.26,-2.1739,235480.18,279381.743
589,601229.SH,20181022,11.81,12.14,11.58,11.96,11.65,0.31,2.6609,383934.52,457762.647
590,601229.SH,20181019,11.38,11.7,11.21,11.65,11.34,0.31,2.7337,225652.02,260624.401
591,601229.SH,20181018,11.49,11.55,11.31,11.34,11.49,-0.15,-1.3055,151795.09,173486.615
592,601229.SH,20181017,11.31,11.54,11.27,11.49,11.22,0.27,2.4064,211892.52,242175.291
593,601229.SH,20181016,11.08,11.3,11.06,11.22,11.06,0.16,1.4467,182317.92,204223.964
594,601229.SH,20181015,11.33,11.36,11.05,11.06,11.33,-0.27,-2.3831,167058.83,186738.004
595,601229.SH,20181012,11.15,11.4,11.02,11.33,11.26,0.07,0.6217,233841.35,262139.3
596,601229.SH,20181011,11.4,11.47,10.89,11.26,11.64,-0.38,-3.2646,326340.18,365680.792
597,601229.SH,20181010,11.63,11.75,11.5,11.64,11.63,0.01,0.086,184938.23,214594.381
598,601229.SH,20181009,11.81,11.91,11.61,11.63,11.89,-0.26,-2.1867,214441.21,251679.981
599,601229.SH,20181008,11.94,12.08,11.86,11.89,12.2,-0.31,-2.541,260133.63,311181.287
600,601229.SH,20180928,12.1,12.23,12.09,12.2,12.04,0.16,1.3289,278018.56,338734.928
601,601229.SH,20180927,12.05,12.12,11.97,12.04,12.01,0.03,0.2498,218720.95,263361.426
602,601229.SH,20180926,12.03,12.16,11.93,12.01,11.94,0.07,0.5863,244985.46,295718.219
603,601229.SH,20180925,12.06,12.06,11.93,11.94,12.14,-0.2,-1.6474,182571.69,219024.445
604,601229.SH,20180921,11.97,12.14,11.8,12.14,11.94,0.2,1.675,357246.88,428903.701
605,601229.SH,20180920,11.86,11.95,11.84,11.94,11.8,0.14,1.1864,226392.51,269644.949
606,601229.SH,20180919,11.8,11.86,11.74,11.8,11.81,-0.01,-0.0847,162710.58,192190.589
607,601229.SH,20180918,11.61,11.82,11.58,11.81,11.62,0.19,1.6351,112527.63,131941.364
608,601229.SH,20180917,11.71,11.8,11.58,11.62,11.77,-0.15,-1.2744,114811.15,133897.886
609,601229.SH,20180914,11.89,11.91,11.64,11.77,11.88,-0.11,-0.9259,152606.18,179908.504
610,601229.SH,20180913,11.89,11.89,11.76,11.88,11.73,0.15,1.2788,215597.66,255233.648
611,601229.SH,20180912,11.67,11.75,11.61,11.73,11.58,0.15,1.2953,211111.36,246892.859
612,601229.SH,20180911,11.73,11.8,11.55,11.58,11.74,-0.16,-1.3629,153635.05,179523.451
613,601229.SH,20180910,11.69,11.86,11.64,11.74,11.68,0.06,0.5137,153800.47,180652.75
614,601229.SH,20180907,11.76,11.87,11.62,11.68,11.77,-0.09,-0.7647,151163.35,177312.886
615,601229.SH,20180906,11.69,11.89,11.68,11.77,11.68,0.09,0.7705,151425.6,178469.528
616,601229.SH,20180905,11.85,11.94,11.68,11.68,11.9,-0.22,-1.8487,223074.4,263954.167
617,601229.SH,20180904,11.84,11.97,11.71,11.9,11.83,0.07,0.5917,227101.46,269209.245
618,601229.SH,20180903,11.69,11.84,11.67,11.83,11.71,0.12,1.0248,209800.84,247028.593
619,601229.SH,20180831,11.5,11.79,11.48,11.71,11.57,0.14,1.21,265511.03,310309.361
620,601229.SH,20180830,11.65,11.8,11.57,11.57,11.59,-0.02,-0.1726,237225.26,277062.782
621,601229.SH,20180829,11.54,11.6,11.48,11.59,11.52,0.07,0.6076,202180.43,233910.563
622,601229.SH,20180828,11.46,11.58,11.42,11.52,11.52,0.0,0.0,210744.9,242732.861
623,601229.SH,20180827,11.53,11.55,11.3,11.52,11.44,0.08,0.6993,274412.12,314340.889
624,601229.SH,20180824,11.23,11.6,11.17,11.44,11.25,0.19,1.6889,296439.6,337703.436
625,601229.SH,20180823,11.25,11.3,11.17,11.25,11.23,0.02,0.1781,132157.9,148657.564
626,601229.SH,20180822,11.2,11.27,11.13,11.23,11.21,0.02,0.1784,134538.43,150707.729
627,601229.SH,20180821,11.28,11.32,11.14,11.21,11.12,0.09,0.8094,155272.36,174607.704
628,601229.SH,20180820,11.1,11.28,11.04,11.12,10.98,0.14,1.275,249772.14,278684.179
629,601229.SH,20180817,11.15,11.2,10.95,10.98,11.05,-0.07,-0.6335,163077.91,181185.673
630,601229.SH,20180816,10.9,11.1,10.74,11.05,10.95,0.1,0.9132,180954.66,198114.637
631,601229.SH,20180815,11.13,11.16,10.93,10.95,11.16,-0.21,-1.8817,147026.04,162414.125
632,601229.SH,20180814,11.19,11.25,11.12,11.16,11.25,-0.09,-0.8,105680.47,117942.549
633,601229.SH,20180813,11.26,11.28,11.08,11.25,11.37,-0.12,-1.0554,254386.58,283915.365
634,601229.SH,20180810,11.45,11.5,11.28,11.37,11.49,-0.12,-1.0444,185837.63,211288.411
635,601229.SH,20180809,11.2,11.53,11.2,11.49,11.28,0.21,1.8617,294857.56,337482.426
636,601229.SH,20180808,11.36,11.4,11.2,11.28,11.36,-0.08,-0.7042,210198.34,237655.366
637,601229.SH,20180807,11.26,11.36,11.14,11.36,11.25,0.11,0.9778,264169.67,298018.543
638,601229.SH,20180806,11.1,11.32,11.01,11.25,11.09,0.16,1.4427,314226.24,353490.643
639,601229.SH,20180803,11.09,11.25,11.02,11.09,11.02,0.07,0.6352,224045.61,250039.337
640,601229.SH,20180802,11.13,11.25,10.91,11.02,11.13,-0.11,-0.9883,239327.76,264800.372
641,601229.SH,20180801,11.31,11.43,11.1,11.13,11.3,-0.17,-1.5044,259246.55,292869.393
642,601229.SH,20180731,11.28,11.37,11.11,11.3,11.3,0.0,0.0,252835.26,283698.028
643,601229.SH,20180730,11.2,11.47,11.13,11.3,11.27,0.03,0.2662,250634.97,282730.88
644,601229.SH,20180727,11.32,11.37,11.12,11.27,11.26,0.01,0.0888,220059.52,247381.075
645,601229.SH,20180726,11.32,11.58,11.18,11.26,11.28,-0.02,-0.1773,362783.64,412394.678
646,601229.SH,20180725,11.18,11.38,11.11,11.28,11.31,-0.03,-0.2653,324558.72,365202.972
647,601229.SH,20180724,10.92,11.49,10.92,11.31,10.97,0.34,3.0994,841950.54,948286.309
648,601229.SH,20180723,10.9,11.09,10.72,10.97,10.56,0.41,3.8826,559949.16,610597.66
649,601229.SH,20180720,10.25,10.65,10.13,10.56,10.26,0.3,2.924,271297.06,283308.843
650,601229.SH,20180719,10.39,10.46,10.23,10.26,10.44,-0.18,-1.72,155294.65,160323.971
651,601229.SH,20180718,10.6,10.66,10.43,10.44,10.58,-0.14,-1.32,130607.93,137528.201
652,601229.SH,20180717,10.66,10.66,10.51,10.58,10.69,-0.11,-1.03,98285.04,103806.502
653,601229.SH,20180716,15.69,15.71,15.38,15.46,15.71,-0.25,-1.59,140770.38,218183.357
654,601229.SH,20180713,15.81,15.81,15.68,15.71,15.73,-0.02,-0.13,121845.76,191475.623
655,601229.SH,20180712,15.55,15.77,15.48,15.73,15.46,0.27,1.75,129188.01,202832.304
656,601229.SH,20180711,15.41,15.56,15.36,15.46,15.6,-0.14,-0.9,80515.45,124364.571
657,601229.SH,20180710,15.52,15.66,15.47,15.6,15.49,0.11,0.71,110611.54,172173.968
658,601229.SH,20180709,15.16,15.52,15.1,15.49,15.03,0.46,3.06,118005.76,181569.938
659,601229.SH,20180706,15.24,15.25,14.88,15.03,15.3,-0.27,-1.76,102396.85,154688.262
660,601229.SH,20180705,15.01,15.32,14.64,15.3,15.08,0.22,1.46,209105.44,314684.541
661,601229.SH,20180704,15.33,15.4,15.04,15.08,15.33,-0.25,-1.63,128857.89,195263.15
662,601229.SH,20180703,15.35,15.45,15.21,15.33,15.32,0.01,0.07,115256.28,176568.475
663,601229.SH,20180702,15.75,15.84,15.21,15.32,15.76,-0.44,-2.79,138111.43,214927.955
664,601229.SH,20180629,15.59,15.76,15.55,15.76,15.56,0.2,1.29,150132.56,235347.602
665,601229.SH,20180628,15.35,15.63,15.34,15.56,15.48,0.08,0.52,142251.55,220691.312
666,601229.SH,20180627,15.44,15.6,15.4,15.48,15.46,0.02,0.13,149270.57,231263.297
667,601229.SH,20180626,15.57,15.59,15.36,15.46,15.57,-0.11,-0.71,188799.07,291926.662
668,601229.SH,20180625,15.76,15.78,15.56,15.57,15.67,-0.1,-0.64,152492.11,238611.065
669,601229.SH,20180622,15.63,15.73,15.5,15.67,15.67,0.0,0.0,93728.49,146616.448
670,601229.SH,20180621,15.6,15.82,15.59,15.67,15.62,0.05,0.32,146925.77,230806.41
671,601229.SH,20180620,15.82,15.84,15.53,15.62,15.91,-0.29,-1.82,249638.68,390626.792
672,601229.SH,20180619,15.72,15.98,15.7,15.91,15.87,0.04,0.25,574056.09,910119.581
673,601229.SH,20180615,15.76,15.96,15.71,15.87,15.76,0.11,0.7,134337.8,213162.005
674,601229.SH,20180614,15.85,15.88,15.7,15.76,15.92,-0.16,-1.01,141952.58,223808.859
675,601229.SH,20180613,16.0,16.05,15.77,15.92,15.99,-0.07,-0.44,156366.59,248224.551
676,601229.SH,20180612,15.95,16.08,15.82,15.99,15.93,0.06,0.38,160914.64,256939.807
677,601229.SH,20180611,15.65,16.05,15.63,15.93,15.75,0.18,1.14,305796.9,486945.874
678,601229.SH,20180608,15.77,15.94,15.69,15.75,15.88,-0.13,-0.82,413176.54,654911.527
679,601229.SH,20180607,15.79,15.92,15.72,15.88,15.77,0.11,0.7,227299.11,360401.249
680,601229.SH,20180606,15.71,15.79,15.68,15.77,15.76,0.01,0.06,153780.98,241879.727
681,601229.SH,20180605,15.71,15.81,15.61,15.76,15.75,0.01,0.06,174231.47,273715.883
682,601229.SH,20180604,15.55,15.84,15.5,15.75,15.46,0.29,1.88,189069.89,296924.676
683,601229.SH,20180601,15.58,15.58,15.39,15.46,15.57,-0.11,-0.71,156110.04,241367.342
684,601229.SH,20180531,15.33,15.59,15.32,15.57,15.25,0.32,2.1,158784.76,245625.697
685,601229.SH,20180530,15.44,15.48,15.22,15.25,15.62,-0.37,-2.37,133164.18,204817.069
686,601229.SH,20180529,15.55,15.63,15.25,15.62,15.66,-0.04,-0.26,262125.05,404707.179
687,601229.SH,20180528,15.64,15.72,15.56,15.66,15.7,-0.04,-0.25,111825.48,174901.419
688,601229.SH,20180525,15.7,15.79,15.55,15.7,15.68,0.02,0.13,156449.58,244971.585
689,601229.SH,20180524,15.74,15.86,15.62,15.68,15.71,-0.03,-0.19,135813.77,213382.015
690,601229.SH,20180523,15.99,16.04,15.68,15.71,15.92,-0.21,-1.32,186356.81,295627.562
691,601229.SH,20180522,15.95,16.0,15.83,15.92,15.93,-0.01,-0.06,128868.6,204822.47
692,601229.SH,20180521,16.0,16.07,15.91,15.93,15.89,0.04,0.25,148897.03,237894.156
693,601229.SH,20180518,15.53,15.9,15.53,15.89,15.56,0.33,2.12,193914.32,305755.359
694,601229.SH,20180517,15.65,15.67,15.54,15.56,15.61,-0.05,-0.32,114817.69,178744.321
695,601229.SH,20180516,15.73,15.73,15.6,15.61,15.78,-0.17,-1.08,175933.1,275644.613
696,601229.SH,20180515,15.64,15.84,15.64,15.78,15.67,0.11,0.7,158510.37,249733.107
697,601229.SH,20180514,15.48,15.7,15.46,15.67,15.51,0.16,1.03,186819.43,291344.518
698,601229.SH,20180511,15.55,15.6,15.46,15.51,15.52,-0.01,-0.06,133539.82,207392.226
699,601229.SH,20180510,15.51,15.6,15.44,15.52,15.46,0.06,0.39,153965.03,238488.112
700,601229.SH,20180509,15.49,15.5,15.44,15.46,15.51,-0.05,-0.32,98326.97,152007.102
701,601229.SH,20180508,15.3,15.54,15.28,15.51,15.35,0.16,1.04,193051.71,298393.51
702,601229.SH,20180507,15.19,15.37,15.19,15.35,15.18,0.17,1.12,175075.43,267415.835
703,601229.SH,20180504,15.25,15.34,15.15,15.18,15.25,-0.07,-0.46,175338.71,266972.629
704,601229.SH,20180503,15.2,15.32,15.04,15.25,15.29,-0.04,-0.26,180274.94,274207.714
705,601229.SH,20180502,15.28,15.41,15.22,15.29,15.18,0.11,0.72,203645.17,311744.461
706,601229.SH,20180427,15.07,15.18,15.02,15.18,15.02,0.16,1.07,175470.26,265493.903
707,601229.SH,20180426,15.0,15.07,14.96,15.02,15.0,0.02,0.13,116530.19,174937.168
708,601229.SH,20180425,15.0,15.1,14.97,15.0,15.09,-0.09,-0.6,143707.34,215902.668
709,601229.SH,20180424,14.92,15.18,14.9,15.09,14.92,0.17,1.14,217360.13,327883.545
710,601229.SH,20180423,14.84,15.02,14.79,14.92,14.71,0.21,1.43,210405.41,313862.203
711,601229.SH,20180420,14.79,14.8,14.52,14.71,14.81,-0.1,-0.68,167945.75,246144.498
712,601229.SH,20180419,14.66,14.82,14.59,14.81,14.64,0.17,1.16,152613.61,225135.044
713,601229.SH,20180418,14.65,14.69,14.49,14.64,14.47,0.17,1.17,168822.77,246272.071
714,601229.SH,20180417,14.57,14.72,14.46,14.47,14.57,-0.1,-0.69,109072.79,158821.931
715,601229.SH,20180416,14.8,14.81,14.48,14.57,14.81,-0.24,-1.62,191211.38,278983.606
716,601229.SH,20180413,14.89,14.95,14.77,14.81,14.74,0.07,0.47,196800.52,292409.621
717,601229.SH,20180412,14.99,15.0,14.71,14.74,15.02,-0.28,-1.86,231138.03,344042.078
718,601229.SH,20180411,14.81,15.03,14.72,15.02,14.74,0.28,1.9,368440.61,549526.614
719,601229.SH,20180410,14.46,14.75,14.44,14.74,14.44,0.3,2.08,175650.84,256625.912
720,601229.SH,20180409,14.5,14.54,14.41,14.44,14.48,-0.04,-0.28,117160.9,169340.224
721,601229.SH,20180404,14.52,14.68,14.47,14.48,14.49,-0.01,-0.07,110453.65,160777.851
722,601229.SH,20180403,14.61,14.65,14.46,14.49,14.7,-0.21,-1.43,165689.61,240623.388
723,601229.SH,20180402,14.8,14.88,14.68,14.7,14.8,-0.1,-0.68,180063.86,265879.871
724,601229.SH,20180330,14.91,14.91,14.77,14.8,14.88,-0.08,-0.54,106423.95,157688.079
725,601229.SH,20180329,14.72,14.93,14.69,14.88,14.74,0.14,0.95,164993.64,244215.982
726,601229.SH,20180328,14.68,14.97,14.65,14.74,14.75,-0.01,-0.07,143791.21,212817.072
727,601229.SH,20180327,14.83,14.88,14.71,14.75,14.71,0.04,0.27,154453.58,228129.945
728,601229.SH,20180326,14.7,14.82,14.63,14.71,14.95,-0.24,-1.61,196167.9,288731.604
729,601229.SH,20180323,14.88,15.04,14.6,14.95,15.14,-0.19,-1.26,409895.2,605131.098
730,601229.SH,20180322,15.12,15.17,14.96,15.14,15.15,-0.01,-0.07,212795.52,320475.477
731,601229.SH,20180321,15.19,15.24,15.03,15.15,15.16,-0.01,-0.07,146314.68,221815.262
732,601229.SH,20180320,15.09,15.21,15.06,15.16,15.19,-0.03,-0.2,161521.24,244473.253
733,601229.SH,20180319,15.25,15.25,15.13,15.19,15.22,-0.03,-0.2,112948.38,171491.067
734,601229.SH,20180316,15.1,15.25,15.05,15.22,15.1,0.12,0.79,301572.26,458251.408
735,601229.SH,20180315,15.1,15.19,15.06,15.1,15.15,-0.05,-0.33,132260.22,199928.169
736,601229.SH,20180314,15.22,15.24,15.11,15.15,15.26,-0.11,-0.72,123493.58,187292.078
737,601229.SH,20180313,15.3,15.43,15.25,15.26,15.33,-0.07,-0.46,168548.13,258398.262
738,601229.SH,20180312,15.38,15.4,15.26,15.33,15.34,-0.01,-0.07,205977.79,315289.416
739,601229.SH,20180309,15.31,15.36,15.19,15.34,15.29,0.05,0.33,188232.07,287644.028
740,601229.SH,20180308,15.19,15.31,15.11,15.29,15.18,0.11,0.72,170125.32,259096.846
741,601229.SH,20180307,15.36,15.46,15.16,15.18,15.25,-0.07,-0.46,276509.11,424136.055
742,601229.SH,20180306,15.16,15.25,15.0,15.25,15.1,0.15,0.99,248294.95,375411.449
743,601229.SH,20180305,15.17,15.23,15.01,15.1,15.13,-0.03,-0.2,151343.39,228745.504
744,601229.SH,20180302,15.14,15.2,15.01,15.13,15.22,-0.09,-0.59,224521.07,338815.379
745,601229.SH,20180301,15.13,15.3,15.11,15.22,15.25,-0.03,-0.2,244328.19,371692.014
746,601229.SH,20180228,15.43,15.47,15.17,15.25,15.56,-0.31,-1.99,351797.82,537706.219
747,601229.SH,20180227,15.95,15.95,15.53,15.56,15.94,-0.38,-2.38,283691.74,444493.817
748,601229.SH,20180226,15.82,16.0,15.76,15.94,15.91,0.03,0.19,268733.05,427078.771
749,601229.SH,20180223,15.8,15.93,15.67,15.91,15.81,0.1,0.63,234576.08,370721.175
750,601229.SH,20180222,15.7,15.87,15.63,15.81,15.49,0.32,2.07,260913.64,411336.319
751,601229.SH,20180214,15.33,15.57,15.31,15.49,15.38,0.11,0.72,156440.7,241973.839
752,601229.SH,20180213,15.2,15.68,15.18,15.38,15.13,0.25,1.65,341418.59,528363.233
753,601229.SH,20180212,15.03,15.25,14.91,15.13,14.96,0.17,1.14,296194.27,448352.879
754,601229.SH,20180209,15.55,15.63,14.71,14.96,15.87,-0.91,-5.73,507664.66,771216.421
755,601229.SH,20180208,15.9,16.01,15.51,15.87,16.06,-0.19,-1.18,603373.55,953642.308
756,601229.SH,20180207,16.26,16.78,15.88,16.06,15.88,0.18,1.13,1146716.3,1875200.738
757,601229.SH,20180206,16.34,16.57,15.8,15.88,16.61,-0.73,-4.39,803691.38,1308080.778
758,601229.SH,20180205,16.09,16.7,16.03,16.61,16.2,0.41,2.53,992248.31,1639744.01
759,601229.SH,20180202,15.73,16.23,15.58,16.2,15.83,0.37,2.34,472658.7,753039.907
760,601229.SH,20180201,15.92,16.22,15.68,15.83,15.96,-0.13,-0.81,371622.16,591479.91
761,601229.SH,20180131,15.94,16.09,15.78,15.96,15.97,-0.01,-0.06,318470.53,507599.421
762,601229.SH,20180130,16.29,16.36,15.93,15.97,16.39,-0.42,-2.56,367987.96,593777.302
763,601229.SH,20180129,16.05,16.5,16.05,16.39,16.04,0.35,2.18,825557.78,1350396.637
764,601229.SH,20180126,15.71,16.15,15.7,16.04,15.74,0.3,1.91,517161.82,825684.84
765,601229.SH,20180125,16.0,16.0,15.7,15.74,16.06,-0.32,-1.99,395914.81,625518.044
766,601229.SH,20180124,16.01,16.23,15.86,16.06,15.99,0.07,0.44,546672.33,878451.378
767,601229.SH,20180123,15.76,16.13,15.68,15.99,15.73,0.26,1.65,444506.68,707897.731
768,601229.SH,20180122,16.04,16.04,15.65,15.73,16.06,-0.33,-2.05,541900.77,857159.721
769,601229.SH,20180119,15.68,16.31,15.68,16.06,15.57,0.49,3.15,952002.14,1525461.061
770,601229.SH,20180118,15.55,15.73,15.38,15.57,15.46,0.11,0.71,406498.06,631773.09
771,601229.SH,20180117,15.28,15.76,15.25,15.46,15.29,0.17,1.11,675155.99,1050212.602
772,601229.SH,20180116,14.92,15.29,14.89,15.29,14.94,0.35,2.34,451438.36,682327.266
773,601229.SH,20180115,14.81,15.04,14.73,14.94,14.78,0.16,1.08,415597.11,619992.074
774,601229.SH,20180112,14.79,14.85,14.75,14.78,14.8,-0.02,-0.14,131862.5,195180.013
775,601229.SH,20180111,14.8,14.95,14.71,14.8,14.81,-0.01,-0.07,185890.42,275479.476
776,601229.SH,20180110,14.73,14.96,14.66,14.81,14.76,0.05,0.34,235384.75,349057.571
777,601229.SH,20180109,14.79,14.8,14.68,14.76,14.81,-0.05,-0.34,150562.11,221922.118
778,601229.SH,20180108,14.86,14.92,14.76,14.81,14.86,-0.05,-0.34,170855.99,253277.444
779,601229.SH,20180105,14.76,14.9,14.65,14.86,14.78,0.08,0.54,216780.04,320376.828
780,601229.SH,20180104,14.56,14.88,14.49,14.78,14.56,0.22,1.51,258692.23,381236.985
781,601229.SH,20180103,14.4,14.63,14.37,14.56,14.39,0.17,1.18,240198.73,348801.82
782,601229.SH,20180102,14.23,14.41,14.22,14.39,14.18,0.21,1.48,225556.79,323685.782
783,601229.SH,20171229,14.22,14.25,14.13,14.18,14.23,-0.05,-0.35,181366.17,257322.584
784,601229.SH,20171228,14.2,14.35,14.18,14.23,14.22,0.01,0.07,194221.38,277226.488
785,601229.SH,20171227,14.26,14.4,14.17,14.22,14.3,-0.08,-0.56,167923.99,240041.988
786,601229.SH,20171226,14.16,14.42,14.12,14.3,14.15,0.15,1.06,224533.38,320654.464
787,601229.SH,20171225,14.26,14.32,14.13,14.15,14.3,-0.15,-1.05,149864.47,213361.305
788,601229.SH,20171222,14.38,14.42,14.28,14.3,14.38,-0.08,-0.56,133920.96,192404.917
789,601229.SH,20171221,14.35,14.45,14.33,14.38,14.37,0.01,0.07,117554.65,169116.882
790,601229.SH,20171220,14.45,14.45,14.34,14.37,14.49,-0.12,-0.83,104166.11,149829.175
791,601229.SH,20171219,14.38,14.54,14.32,14.49,14.38,0.11,0.77,168047.18,242366.495
792,601229.SH,20171218,14.46,14.54,14.36,14.38,14.47,-0.09,-0.62,103201.42,149100.916
793,601229.SH,20171215,14.73,14.73,14.46,14.47,14.75,-0.28,-1.9,163908.92,238524.206
794,601229.SH,20171214,14.81,14.86,14.71,14.75,14.81,-0.06,-0.41,95700.18,141236.312
795,601229.SH,20171213,14.75,14.84,14.74,14.81,14.75,0.06,0.41,80190.03,118651.224
796,601229.SH,20171212,14.88,14.95,14.75,14.75,14.89,-0.14,-0.94,123191.15,183300.353
797,601229.SH,20171211,14.82,14.9,14.72,14.89,14.81,0.08,0.54,165175.97,244939.311
798,601229.SH,20171208,14.73,14.85,14.66,14.81,14.75,0.06,0.41,176597.12,260749.177
799,601229.SH,20171207,15.07,15.09,14.73,14.75,15.09,-0.34,-2.25,249292.59,371541.035
800,601229.SH,20171206,15.16,15.17,15.03,15.09,15.15,-0.06,-0.4,198870.11,300133.471
801,601229.SH,20171205,15.16,15.21,15.12,15.15,15.16,-0.01,-0.07,217727.05,330226.623
802,601229.SH,20171204,15.18,15.2,15.12,15.16,15.17,-0.01,-0.07,145418.31,220543.871
803,601229.SH,20171201,15.07,15.24,15.07,15.17,15.11,0.06,0.4,214025.66,324954.228
804,601229.SH,20171130,15.11,15.22,15.1,15.11,15.2,-0.09,-0.59,229434.64,347531.047
805,601229.SH,20171129,15.12,15.4,14.97,15.2,15.12,0.08,0.53,358112.26,541841.95
806,601229.SH,20171128,15.05,15.22,15.05,15.12,15.09,0.03,0.2,192925.67,291656.727
807,601229.SH,20171127,15.21,15.25,15.04,15.09,15.22,-0.13,-0.85,232795.1,351573.888
808,601229.SH,20171124,15.2,15.3,15.11,15.22,15.28,-0.06,-0.39,205970.14,313148.711
809,601229.SH,20171123,15.6,15.64,15.24,15.28,15.65,-0.37,-2.36,457705.78,704248.724
810,601229.SH,20171122,15.66,15.87,15.55,15.65,15.65,0.0,0.0,663170.79,1040331.818
811,601229.SH,20171121,15.1,15.68,15.02,15.65,15.09,0.56,3.71,997716.11,1544359.667
812,601229.SH,20171120,14.6,15.16,14.55,15.09,15.08,0.01,0.07,1223710.19,1813190.598
813,601229.SH,20171117,14.04,15.41,14.04,15.08,15.41,-0.33,-2.14,2174587.61,3175896.544
814,601229.SH,20171116,15.41,15.41,15.41,15.41,17.12,-1.71,-9.99,448409.0,690998.269
815,601229.SH,20171115,17.23,17.3,17.1,17.12,17.25,-0.13,-0.75,67184.24,115538.251
816,601229.SH,20171114,17.45,17.52,17.23,17.25,17.55,-0.3,-1.71,103043.09,178571.681
817,601229.SH,20171113,17.1,17.76,17.06,17.55,17.18,0.37,2.15,176175.57,309348.686
818,601229.SH,20171110,17.22,17.28,17.13,17.18,17.3,-0.12,-0.69,56000.99,96201.026
819,601229.SH,20171109,17.37,17.38,17.23,17.3,17.39,-0.09,-0.52,51399.13,88918.07
820,601229.SH,20171108,17.3,17.5,17.25,17.39,17.35,0.04,0.23,65484.64,114006.057
821,601229.SH,20171107,17.12,17.36,17.12,17.35,17.11,0.24,1.4,55190.89,95273.119
822,601229.SH,20171106,17.12,17.17,16.99,17.11,17.14,-0.03,-0.18,44834.8,76507.228
823,601229.SH,20171103,17.41,17.45,17.12,17.14,17.44,-0.3,-1.72,65297.7,112538.244
824,601229.SH,20171102,17.4,17.46,17.33,17.44,17.45,-0.01,-0.06,56182.22,97650.429
825,601229.SH,20171101,17.63,17.64,17.36,17.45,17.62,-0.17,-0.96,76539.65,133920.499
826,601229.SH,20171031,17.51,17.69,17.51,17.62,17.56,0.06,0.34,56771.4,100016.245
827,601229.SH,20171030,17.65,17.75,17.42,17.56,17.65,-0.09,-0.51,85132.24,149758.843
828,601229.SH,20171027,17.49,17.77,17.45,17.65,17.5,0.15,0.86,99534.61,175739.825
829,601229.SH,20171026,17.4,17.51,17.32,17.5,17.39,0.11,0.63,60596.07,105595.516
830,601229.SH,20171025,17.35,17.43,17.31,17.39,17.35,0.04,0.23,42626.48,74031.854
831,601229.SH,20171024,17.45,17.49,17.31,17.35,17.47,-0.12,-0.69,57529.72,100037.495
832,601229.SH,20171023,17.52,17.54,17.4,17.47,17.53,-0.06,-0.34,46812.45,81653.57
833,601229.SH,20171020,17.48,17.59,17.42,17.53,17.46,0.07,0.4,39484.76,69094.143
834,601229.SH,20171019,17.72,17.75,17.45,17.46,17.72,-0.26,-1.47,78524.41,137955.4
835,601229.SH,20171018,17.89,17.9,17.71,17.72,17.89,-0.17,-0.95,62415.82,111085.177
836,601229.SH,20171017,17.83,17.9,17.81,17.89,17.83,0.06,0.34,45878.8,81839.939
837,601229.SH,20171016,17.89,17.92,17.8,17.83,17.89,-0.06,-0.34,64791.03,115548.535
838,601229.SH,20171013,17.93,17.95,17.83,17.89,17.93,-0.04,-0.22,51382.25,91912.529
839,601229.SH,20171012,18.02,18.03,17.9,17.93,17.99,-0.06,-0.33,35385.1,63528.49
840,601229.SH,20171011,18.12,18.12,17.94,17.99,18.06,-0.07,-0.39,39862.7,71776.999
841,601229.SH,20171010,17.97,18.06,17.96,18.06,18.05,0.01,0.06,42850.95,77217.66
842,601229.SH,20171009,18.2,18.3,18.03,18.05,17.86,0.19,1.06,88400.56,160456.757
843,601229.SH,20170929,17.77,17.93,17.76,17.86,17.77,0.09,0.51,45107.19,80636.844
844,601229.SH,20170928,17.8,17.86,17.75,17.77,17.82,-0.05,-0.28,41231.81,73395.371
845,601229.SH,20170927,17.84,17.91,17.78,17.82,17.88,-0.06,-0.34,41045.32,73218.452
846,601229.SH,20170926,17.93,18.03,17.82,17.88,17.95,-0.07,-0.39,57925.4,103677.907
847,601229.SH,20170925,18.29,18.29,17.94,17.95,18.31,-0.36,-1.97,102071.33,184629.268
848,601229.SH,20170922,18.44,18.47,18.3,18.31,18.47,-0.16,-0.87,64870.86,119073.821
849,601229.SH,20170921,18.42,18.53,18.39,18.47,18.45,0.02,0.11,55674.11,102793.631
850,601229.SH,20170920,18.42,18.46,18.36,18.45,18.44,0.01,0.05,48843.68,89922.552
851,601229.SH,20170919,18.46,18.58,18.38,18.44,18.43,0.01,0.05,54241.5,100214.918
852,601229.SH,20170918,18.44,18.52,18.4,18.43,18.38,0.05,0.27,51481.48,95066.751
853,601229.SH,20170915,18.37,18.43,18.33,18.38,18.39,-0.01,-0.05,48128.9,88447.061
854,601229.SH,20170914,18.48,18.5,18.36,18.39,18.43,-0.04,-0.22,66840.11,123132.71
855,601229.SH,20170913,18.48,18.5,18.34,18.43,18.53,-0.1,-0.54,76751.51,141204.952
856,601229.SH,20170912,18.63,18.66,18.48,18.53,18.6,-0.07,-0.38,74476.87,138051.299
857,601229.SH,20170911,18.57,18.65,18.55,18.6,18.56,0.04,0.22,43826.28,81503.88
858,601229.SH,20170908,18.61,18.67,18.52,18.56,18.61,-0.05,-0.27,54976.75,102191.248
859,601229.SH,20170907,18.71,18.77,18.56,18.61,18.72,-0.11,-0.59,72430.5,135241.589
860,601229.SH,20170906,18.84,18.85,18.69,18.72,18.92,-0.2,-1.06,89892.85,168409.804
861,601229.SH,20170905,18.8,19.06,18.77,18.92,18.8,0.12,0.64,86128.33,163083.546
862,601229.SH,20170904,18.92,18.92,18.77,18.8,18.9,-0.1,-0.53,69847.17,131455.512
863,601229.SH,20170901,18.91,18.95,18.84,18.9,18.92,-0.02,-0.11,67544.31,127554.065
864,601229.SH,20170831,18.92,18.97,18.83,18.92,18.98,-0.06,-0.32,67100.6,126793.239
865,601229.SH,20170830,19.0,19.13,18.91,18.98,19.03,-0.05,-0.26,76259.95,144785.857
866,601229.SH,20170829,19.15,19.15,18.93,19.03,19.15,-0.12,-0.63,105916.43,201221.32
867,601229.SH,20170828,18.82,19.33,18.74,19.15,18.81,0.34,1.81,203728.35,388350.367
868,601229.SH,20170825,18.51,18.84,18.46,18.81,18.52,0.29,1.57,114000.03,213429.509
869,601229.SH,20170824,18.8,18.87,18.5,18.52,18.82,-0.3,-1.59,92233.75,171923.497
870,601229.SH,20170823,18.56,18.88,18.54,18.82,18.58,0.24,1.29,118096.4,221390.005
871,601229.SH,20170822,18.51,18.68,18.46,18.58,18.5,0.08,0.43,69731.0,129490.687
872,601229.SH,20170821,18.5,18.52,18.42,18.5,18.5,0.0,0.0,47392.15,87501.857
873,601229.SH,20170818,18.47,18.6,18.4,18.5,18.54,-0.04,-0.22,66465.39,122979.86
874,601229.SH,20170817,18.52,18.56,18.43,18.54,18.52,0.02,0.11,59698.09,110291.536
875,601229.SH,20170816,18.51,18.6,18.4,18.52,18.57,-0.05,-0.27,68045.4,125864.27
876,601229.SH,20170815,18.47,18.72,18.4,18.57,18.47,0.1,0.54,81587.39,151784.715
877,601229.SH,20170814,18.31,18.48,18.2,18.47,18.31,0.16,0.87,102462.96,188288.561
878,601229.SH,20170811,19.0,19.0,18.26,18.31,19.05,-0.74,-3.88,201485.3,374108.233
879,601229.SH,20170810,18.95,19.24,18.89,19.05,18.94,0.11,0.58,104697.75,199434.582
880,601229.SH,20170809,19.01,19.04,18.9,18.94,18.99,-0.05,-0.26,62607.21,118701.1
881,601229.SH,20170808,19.06,19.14,18.91,18.99,19.11,-0.12,-0.63,72136.24,136837.997
882,601229.SH,20170807,18.91,19.19,18.89,19.11,19.02,0.09,0.47,73447.84,139888.437
883,601229.SH,20170804,18.95,19.13,18.86,19.02,19.06,-0.04,-0.21,128776.76,244376.821
884,601229.SH,20170803,19.55,19.7,19.02,19.06,19.6,-0.54,-2.76,219135.95,422934.851
885,601229.SH,20170802,19.71,19.89,19.56,19.6,19.81,-0.21,-1.06,171671.86,338138.885
886,601229.SH,20170801,19.75,20.05,19.66,19.81,19.75,0.06,0.3,218074.95,432383.32
887,601229.SH,20170731,19.8,19.84,19.65,19.75,19.8,-0.05,-0.25,98364.56,194141.354
888,601229.SH,20170728,19.73,20.37,19.63,19.8,19.8,0.0,0.0,202403.02,403387.695
889,601229.SH,20170727,19.76,19.81,19.5,19.8,19.75,0.05,0.25,120605.4,237131.66
890,601229.SH,20170726,19.83,20.15,19.67,19.75,19.94,-0.19,-0.95,130920.09,259498.514
891,601229.SH,20170725,20.25,20.36,19.91,19.94,20.34,-0.4,-1.97,139020.18,279659.626
892,601229.SH,20170724,19.88,20.8,19.65,20.34,19.95,0.39,1.95,321556.77,647872.316
893,601229.SH,20170721,20.25,20.25,19.91,19.95,20.45,-0.5,-2.45,246424.56,493181.242
894,601229.SH,20170720,20.68,20.71,20.3,20.45,20.55,-0.1,-0.49,155862.14,318734.074
895,601229.SH,20170719,26.63,27.4,26.52,27.21,26.63,0.58,2.18,336391.47,909707.416
896,601229.SH,20170718,26.04,26.66,25.98,26.63,26.31,0.32,1.22,208170.79,547141.979
897,601229.SH,20170717,26.12,26.89,25.45,26.31,26.07,0.24,0.92,367523.78,970069.603
898,601229.SH,20170714,26.08,26.24,25.88,26.07,26.12,-0.05,-0.19,141580.28,368731.909
899,601229.SH,20170713,25.75,26.16,25.67,26.12,25.88,0.24,0.93,197567.89,511875.29
900,601229.SH,20170712,25.45,25.96,25.42,25.88,25.33,0.55,2.17,293310.39,755625.703
901,601229.SH,20170711,24.92,25.59,24.91,25.33,25.01,0.32,1.28,206866.17,524687.8
902,601229.SH,20170710,25.22,25.22,24.85,25.01,25.23,-0.22,-0.87,123821.02,309431.802
903,601229.SH,20170707,25.15,25.27,25.05,25.23,25.2,0.03,0.12,76431.07,192407.581
904,601229.SH,20170706,25.36,25.4,25.07,25.2,25.39,-0.19,-0.75,102387.59,258178.514
905,601229.SH,20170705,25.0,25.41,25.0,25.39,25.04,0.35,1.4,114050.97,287778.538
906,601229.SH,20170704,25.39,25.44,25.02,25.04,25.44,-0.4,-1.57,148472.15,373560.398
907,601229.SH,20170703,25.47,25.58,25.35,25.44,25.54,-0.1,-0.39,119080.22,302779.684
908,601229.SH,20170630,25.5,25.64,25.37,25.54,25.63,-0.09,-0.35,105963.5,270177.747
909,601229.SH,20170629,25.36,25.75,25.3,25.63,25.37,0.26,1.02,149630.23,382230.884
910,601229.SH,20170628,25.65,25.77,25.34,25.37,25.67,-0.3,-1.17,175453.87,448139.324
911,601229.SH,20170627,25.39,25.74,25.35,25.67,25.45,0.22,0.86,174544.62,446815.236
912,601229.SH,20170626,25.48,25.75,25.4,25.45,25.58,-0.13,-0.51,232083.0,592937.771
913,601229.SH,20170623,25.25,25.6,25.07,25.58,25.33,0.25,0.99,285618.89,723555.576
914,601229.SH,20170622,24.8,25.87,24.74,25.33,24.84,0.49,1.97,552006.12,1406945.424
915,601229.SH,20170621,24.5,24.85,24.36,24.84,24.39,0.45,1.85,198592.97,489784.866
916,601229.SH,20170620,24.62,24.62,24.31,24.39,24.5,-0.11,-0.45,87935.65,214478.878
917,601229.SH,20170619,24.22,24.56,24.2,24.5,24.22,0.28,1.16,113707.45,278079.556
918,601229.SH,20170616,24.21,24.36,24.19,24.22,24.3,-0.08,-0.33,74916.4,181803.353
919,601229.SH,20170615,24.15,24.42,24.1,24.3,24.16,0.14,0.58,121323.01,294291.648
920,601229.SH,20170614,24.55,24.61,24.16,24.16,24.63,-0.47,-1.91,175909.4,427703.969
921,601229.SH,20170613,24.53,24.72,24.36,24.63,24.57,0.06,0.24,123755.76,303984.805
922,601229.SH,20170612,24.88,25.17,24.56,24.57,25.07,-0.5,-1.99,225907.82,562340.419
923,601229.SH,20170609,24.94,25.14,24.76,25.07,24.99,0.08,0.32,340565.2,851835.721
924,601229.SH,20170608,24.48,25.07,24.22,24.99,24.57,0.42,1.71,396275.75,979873.773
925,601229.SH,20170607,24.42,24.77,24.38,24.57,24.54,0.03,0.12,299793.89,735675.304
926,601229.SH,20170606,24.21,24.56,24.04,24.54,24.32,0.22,0.9,272517.8,662649.261
927,601229.SH,20170605,24.41,24.63,24.21,24.32,24.73,-0.41,-1.66,284455.7,694113.657
928,601229.SH,20170602,24.48,24.95,24.37,24.73,24.44,0.29,1.19,675548.28,1667346.351
929,601229.SH,20170601,23.81,24.6,23.77,24.44,23.9,0.54,2.26,639033.53,1557685.183
930,601229.SH,20170531,23.78,24.39,23.62,23.9,23.55,0.35,1.49,473745.6,1139626.91
931,601229.SH,20170526,23.33,23.58,23.23,23.55,23.44,0.11,0.47,309070.52,724727.29
932,601229.SH,20170525,22.49,23.48,22.49,23.44,22.58,0.86,3.81,479509.5,1112737.949
933,601229.SH,20170524,22.74,22.75,22.2,22.58,22.81,-0.23,-1.01,146241.93,328556.128
934,601229.SH,20170523,22.58,23.07,22.48,22.81,22.6,0.21,0.93,203715.28,464619.589
935,601229.SH,20170522,22.91,23.02,22.59,22.6,22.96,-0.36,-1.57,121292.94,276750.289
936,601229.SH,20170519,22.98,23.1,22.9,22.96,23.04,-0.08,-0.35,101348.62,232754.467
937,601229.SH,20170518,23.08,23.24,22.91,23.04,23.3,-0.26,-1.12,194408.54,448115.358
938,601229.SH,20170517,23.13,23.35,22.95,23.3,23.14,0.16,0.69,246651.97,571121.87
939,601229.SH,20170516,23.09,23.16,22.83,23.14,23.18,-0.04,-0.17,206049.15,473593.808
940,601229.SH,20170515,23.14,23.32,22.92,23.18,23.16,0.02,0.09,235768.46,544832.028
941,601229.SH,20170512,22.6,23.25,22.59,23.16,22.68,0.48,2.12,385519.49,889360.953
942,601229.SH,20170511,22.61,22.8,22.3,22.68,22.83,-0.15,-0.66,236774.33,534608.787
943,601229.SH,20170510,22.59,23.36,22.49,22.83,22.68,0.15,0.66,400074.23,919119.01
944,601229.SH,20170509,22.11,22.79,22.1,22.68,22.14,0.54,2.44,246545.63,556387.394
945,601229.SH,20170508,22.17,22.27,22.11,22.14,22.18,-0.04,-0.18,86716.29,192331.205
946,601229.SH,20170505,22.4,22.41,22.11,22.18,22.48,-0.3,-1.33,116969.21,260332.521
947,601229.SH,20170504,22.4,22.68,22.33,22.48,22.49,-0.01,-0.04,104798.45,235914.255
948,601229.SH,20170503,22.36,22.54,22.35,22.49,22.35,0.14,0.63,85504.4,191951.402
949,601229.SH,20170502,22.69,22.7,22.33,22.35,22.69,-0.34,-1.5,147667.76,331845.15
950,601229.SH,20170428,22.64,22.73,22.56,22.69,22.73,-0.04,-0.18,95980.42,217327.497
951,601229.SH,20170427,22.77,22.78,22.45,22.73,22.88,-0.15,-0.66,151028.52,341441.748
952,601229.SH,20170426,22.93,23.11,22.82,22.88,22.9,-0.02,-0.09,135273.04,310618.715
953,601229.SH,20170425,22.7,23.05,22.64,22.9,22.7,0.2,0.88,146556.98,335030.569
954,601229.SH,20170424,22.75,22.9,22.4,22.7,22.58,0.12,0.53,165412.12,374998.507
955,601229.SH,20170421,22.47,22.72,22.47,22.58,22.46,0.12,0.53,90296.13,203996.574
956,601229.SH,20170420,22.66,22.72,22.3,22.46,22.72,-0.26,-1.14,118221.02,266095.573
957,601229.SH,20170419,22.57,22.83,22.5,22.72,22.57,0.15,0.66,139965.55,317325.09
958,601229.SH,20170418,22.78,22.86,22.56,22.57,22.78,-0.21,-0.92,75032.0,170683.085
959,601229.SH,20170417,23.02,23.02,22.61,22.78,23.09,-0.31,-1.34,153394.65,349789.215
960,601229.SH,20170414,23.36,23.41,23.08,23.09,23.36,-0.27,-1.16,137459.96,318860.372
961,601229.SH,20170413,23.44,23.57,23.32,23.36,23.47,-0.11,-0.47,112392.82,263361.622
962,601229.SH,20170412,23.69,23.69,23.42,23.47,23.74,-0.27,-1.14,155277.81,365392.035
963,601229.SH,20170411,23.55,23.75,23.38,23.74,23.59,0.15,0.64,193562.86,456316.855
964,601229.SH,20170410,23.8,23.81,23.53,23.59,23.83,-0.24,-1.01,187715.15,443683.293
965,601229.SH,20170407,23.77,23.98,23.71,23.83,23.8,0.03,0.13,191611.47,456594.167
966,601229.SH,20170406,23.83,23.85,23.66,23.8,23.84,-0.04,-0.17,177601.83,421767.654
967,601229.SH,20170405,23.7,23.86,23.42,23.84,23.98,-0.14,-0.58,257802.79,610453.369
968,601229.SH,20170331,23.1,24.28,23.1,23.98,23.08,0.9,3.9,538380.4,1293068.103
969,601229.SH,20170330,23.61,23.68,23.06,23.08,23.6,-0.52,-2.2,230277.28,535689.09
970,601229.SH,20170329,23.98,24.05,23.52,23.6,23.93,-0.33,-1.38,189579.05,450842.174
971,601229.SH,20170328,24.13,24.15,23.89,23.93,24.14,-0.21,-0.87,158501.58,380129.205
972,601229.SH,20170327,23.86,24.3,23.82,24.14,23.87,0.27,1.13,264963.96,638924.896
973,601229.SH,20170324,23.8,23.88,23.65,23.87,23.77,0.1,0.42,146273.21,347316.88
974,601229.SH,20170323,23.71,23.94,23.61,23.77,23.73,0.04,0.17,150178.76,357154.634
975,601229.SH,20170322,24.02,24.04,23.69,23.73,24.15,-0.42,-1.74,225728.72,537702.506
976,601229.SH,20170321,24.3,24.38,24.05,24.15,24.29,-0.14,-0.58,161583.49,389918.352
977,601229.SH,20170320,24.06,24.46,24.05,24.29,24.05,0.24,1.0,236535.61,574084.396
978,601229.SH,20170317,24.33,24.33,24.01,24.05,24.32,-0.27,-1.11,298934.18,721995.963
979,601229.SH,20170316,23.89,24.43,23.89,24.32,23.85,0.47,1.97,450260.96,1092374.871
980,601229.SH,20170315,23.72,23.94,23.7,23.85,23.84,0.01,0.04,129886.07,309482.991
981,601229.SH,20170314,23.66,24.0,23.62,23.84,23.6,0.24,1.02,230931.52,550973.538
982,601229.SH,20170313,23.59,23.63,23.36,23.6,23.64,-0.04,-0.17,177040.89,415681.367
983,601229.SH,20170310,23.62,23.76,23.62,23.64,23.66,-0.02,-0.08,118536.92,280557.712
984,601229.SH,20170309,23.89,23.99,23.65,23.66,23.97,-0.31,-1.29,226798.57,539781.76
985,601229.SH,20170308,24.13,24.19,23.92,23.97,24.15,-0.18,-0.75,227749.58,547690.968
986,601229.SH,20170307,24.08,24.22,23.96,24.15,24.12,0.03,0.12,211768.18,509831.001
987,601229.SH,20170306,24.05,24.2,23.89,24.12,24.04,0.08,0.33,197728.42,475436.861
988,601229.SH,20170303,24.26,24.26,23.97,24.04,24.35,-0.31,-1.27,238478.25,574134.889
989,601229.SH,20170302,24.25,24.55,24.18,24.35,24.23,0.12,0.5,357963.63,872818.227
990,601229.SH,20170301,24.4,24.63,24.13,24.23,24.48,-0.25,-1.02,325105.98,790754.09
991,601229.SH,20170228,23.91,24.68,23.88,24.48,23.95,0.53,2.21,473724.15,1157458.491
992,601229.SH,20170227,24.19,24.22,23.92,23.95,24.29,-0.34,-1.4,194571.8,468436.418
993,601229.SH,20170224,24.28,24.42,24.06,24.29,24.27,0.02,0.08,218641.94,529317.152
994,601229.SH,20170223,24.2,24.47,24.11,24.27,24.28,-0.01,-0.04,245529.43,595987.603
995,601229.SH,20170222,24.5,24.54,24.1,24.28,24.56,-0.28,-1.14,375297.88,910207.688
996,601229.SH,20170221,24.8,24.97,24.46,24.56,24.92,-0.36,-1.44,445364.71,1095299.455
997,601229.SH,20170220,23.65,25.25,23.61,24.92,23.71,1.21,5.1,832688.61,2045654.606
998,601229.SH,20170217,24.0,24.35,23.69,23.71,24.19,-0.48,-1.98,355750.02,853864.631
999,601229.SH,20170216,24.06,24.35,23.83,24.19,24.12,0.07,0.29,393849.56,948900.696
1000,601229.SH,20170215,23.85,24.56,23.76,24.12,23.88,0.24,1.01,556599.34,1350743.578
1001,601229.SH,20170214,24.16,24.24,23.66,23.88,24.12,-0.24,-1.0,294410.49,702297.74
1002,601229.SH,20170213,23.46,24.59,23.46,24.12,23.45,0.67,2.86,640672.44,1544645.05
1003,601229.SH,20170210,23.14,23.69,23.1,23.45,23.12,0.33,1.43,410102.67,963866.903
1004,601229.SH,20170209,22.98,23.22,22.92,23.12,23.01,0.11,0.48,216114.36,499250.132
1005,601229.SH,20170208,22.8,23.03,22.6,23.01,22.8,0.21,0.92,167277.35,381422.811
1006,601229.SH,20170207,23.03,23.04,22.71,22.8,23.04,-0.24,-1.04,143455.7,327877.212
1007,601229.SH,20170206,22.97,23.12,22.89,23.04,22.93,0.11,0.48,116012.0,266738.483
1008,601229.SH,20170203,23.28,23.32,22.9,22.93,23.28,-0.35,-1.5,117117.85,269811.84
1009,601229.SH,20170126,23.06,23.29,23.06,23.28,23.02,0.26,1.13,174839.67,406064.994
1010,601229.SH,20170125,22.88,23.1,22.81,23.02,22.95,0.07,0.31,109656.25,252059.109
1011,601229.SH,20170124,23.04,23.05,22.88,22.95,23.03,-0.08,-0.35,114676.73,263375.83
1012,601229.SH,20170123,22.91,23.27,22.9,23.03,22.94,0.09,0.39,271948.65,628655.46
1013,601229.SH,20170120,22.48,23.04,22.45,22.94,22.55,0.39,1.73,345578.97,790232.081
1014,601229.SH,20170119,22.23,22.73,22.12,22.55,22.29,0.26,1.17,257889.22,579872.39
1015,601229.SH,20170118,22.39,22.46,22.26,22.29,22.45,-0.16,-0.71,161580.86,361233.596
1016,601229.SH,20170117,22.24,22.55,22.08,22.45,22.42,0.03,0.13,226550.72,504887.168
1017,601229.SH,20170116,22.05,22.64,21.88,22.42,22.04,0.38,1.72,403416.35,897626.851
1018,601229.SH,20170113,22.25,22.3,21.9,22.04,22.29,-0.25,-1.12,230619.66,509384.097
1019,601229.SH,20170112,22.48,22.61,22.28,22.29,22.54,-0.25,-1.11,158480.49,356016.996
1020,601229.SH,20170111,22.91,22.94,22.45,22.54,22.98,-0.44,-1.91,257520.5,584142.777
1021,601229.SH,20170110,23.23,23.23,22.96,22.98,23.24,-0.26,-1.12,172796.54,398376.716
1022,601229.SH,20170109,23.12,23.3,23.08,23.24,23.16,0.08,0.35,121813.3,282702.131
1023,601229.SH,20170106,23.45,23.56,23.12,23.16,23.5,-0.34,-1.45,209388.54,487582.611
1024,601229.SH,20170105,23.74,23.76,23.47,23.5,23.72,-0.22,-0.93,179996.21,424105.637
1025,601229.SH,20170104,23.59,23.8,23.55,23.72,23.59,0.13,0.55,177302.03,420003.571
1026,601229.SH,20170103,23.33,23.78,23.31,23.59,23.28,0.31,1.33,206449.85,487160.268
1027,601229.SH,20161230,23.25,23.38,23.23,23.28,23.24,0.04,0.17,109938.94,256020.561
1028,601229.SH,20161229,23.21,23.48,23.2,23.24,23.19,0.05,0.22,149147.78,347759.067
1029,601229.SH,20161228,23.41,23.45,23.15,23.19,23.38,-0.19,-0.81,125454.7,291990.553
1030,601229.SH,20161227,23.5,23.57,23.35,23.38,23.6,-0.22,-0.93,128798.7,301868.895
1031,601229.SH,20161226,23.39,23.65,23.09,23.6,23.54,0.06,0.25,197613.36,460557.464
1032,601229.SH,20161223,23.99,23.99,23.53,23.54,24.01,-0.47,-1.96,205289.49,486712.79
1033,601229.SH,20161222,24.03,24.15,23.89,24.01,24.23,-0.22,-0.91,175379.27,420802.512
1034,601229.SH,20161221,23.85,24.43,23.77,24.23,23.8,0.43,1.81,309519.82,745611.279
1035,601229.SH,20161220,23.74,23.93,23.65,23.8,23.8,0.0,0.0,189094.35,449385.949
1036,601229.SH,20161219,24.28,24.29,23.75,23.8,24.31,-0.51,-2.1,278154.01,666679.285
1037,601229.SH,20161216,24.36,24.48,24.21,24.31,24.44,-0.13,-0.53,237449.91,578022.984
1038,601229.SH,20161215,24.46,24.63,24.32,24.44,24.53,-0.09,-0.37,243571.69,595863.129
1039,601229.SH,20161214,24.5,24.85,24.45,24.53,24.55,-0.02,-0.08,219216.76,539646.829
1040,601229.SH,20161213,24.97,24.98,24.31,24.55,24.98,-0.43,-1.72,317777.92,781193.674
1041,601229.SH,20161212,26.08,26.34,24.95,24.98,26.2,-1.22,-4.66,501748.72,1281228.688
1042,601229.SH,20161209,26.15,26.45,25.99,26.2,26.25,-0.05,-0.19,442880.49,1164178.744
1043,601229.SH,20161208,25.98,26.48,25.93,26.25,25.99,0.26,1.0,468987.78,1232205.311
1044,601229.SH,20161207,25.79,26.01,25.63,25.99,25.87,0.12,0.46,215623.93,556258.274
1045,601229.SH,20161206,25.76,26.09,25.7,25.87,25.8,0.07,0.27,248513.16,644333.401
1046,601229.SH,20161205,25.58,25.9,25.47,25.8,25.74,0.06,0.23,232139.46,596716.848
1047,601229.SH,20161202,26.27,26.27,25.72,25.74,26.3,-0.56,-2.13,391027.65,1014259.099
1048,601229.SH,20161201,26.17,26.46,26.13,26.3,26.2,0.1,0.38,297381.0,781716.338
1049,601229.SH,20161130,26.49,26.49,26.04,26.2,26.53,-0.33,-1.24,394784.66,1032798.201
1050,601229.SH,20161129,27.22,27.22,26.45,26.53,27.31,-0.78,-2.86,708720.35,1895133.957
1051,601229.SH,20161128,27.45,27.69,27.25,27.31,27.39,-0.08,-0.29,488966.08,1342214.431
1052,601229.SH,20161125,27.21,27.68,27.01,27.39,27.28,0.11,0.4,495814.67,1353382.51
1053,601229.SH,20161124,28.1,28.12,27.23,27.28,28.28,-1.0,-3.54,991050.19,2727105.215
1054,601229.SH,20161123,28.45,28.99,28.17,28.28,28.43,-0.15,-0.53,1012828.31,2897466.274
1055,601229.SH,20161122,28.25,28.77,28.13,28.43,28.49,-0.06,-0.21,915678.86,2596461.484
1056,601229.SH,20161121,29.48,29.48,28.31,28.49,30.24,-1.75,-5.79,1597129.42,4598344.261
1057,601229.SH,20161118,30.97,30.97,29.51,30.24,28.15,2.09,7.42,2468109.95,7470089.49
1058,601229.SH,20161117,28.15,28.15,28.15,28.15,25.59,2.56,10.0,10997.37,30957.597
1059,601229.SH,20161116,21.32,25.59,21.32,25.59,17.77,7.82,44.01,5087.59,12969.184
